9.999999999999998890e-01 0.000000000000000000e+00 3.049318610115481221e-19 0.000000000000000000e+00 1.734723475976807094e-18 1.000000000000000000e+00 0.000000000000000000e+00 1.387778780781445676e-17 -2.032879073410320814e-20 0.000000000000000000e+00 1.000000000000000000e+00 0.000000000000000000e+00
9.999984920785449649e-01 -6.749467447867323402e-04 -1.600089523038802659e-03 5.944462447201442727e-03 6.741827103265559881e-04 9.999996585012557171e-01 -4.779894340220490478e-04 -1.916983445858154445e-02 1.600411621363519816e-03 4.769099639365314766e-04 9.999986056198880702e-01 5.619822229681397108e-01
9.999953296298259575e-01 -1.015022884179895939e-03 -2.882784202349040516e-03 1.770806025960013075e-02 1.011418126167911227e-03 9.999987052279893929e-01 -1.251628580243704068e-03 -3.895837591686272805e-02 2.884050950340147704e-03 1.248707044000004970e-03 9.999950614801919047e-01 1.138484390159173909e+00
9.999913355637823908e-01 -8.224942122716108819e-04 -4.080722501039884230e-03 2.147291461181443512e-02 8.143391586150506428e-04 9.999976690338022722e-01 -1.999694370867015694e-03 -5.461066334176496728e-02 4.082357794983101917e-03 1.996353967663799973e-03 9.999896744123372150e-01 1.675287528578764062e+00
9.999793834931101078e-01 -2.844362818670695056e-03 -5.756924997846789641e-03 1.778404337063251798e-03 2.823959651065150595e-03 9.999897143611959915e-01 -3.549143440220405531e-03 -7.101492702422491921e-02 5.766960932716399570e-03 3.532812974503894872e-03 9.999771304395392857e-01 2.234643520976502984e+00
9.999626626461393109e-01 -5.120539872590453359e-03 -6.960846478480315833e-03 8.372553747164904192e-03 5.084435701282318670e-03 9.999735819979891360e-01 -5.194594432702856479e-03 -9.325976275987270248e-02 6.987261831483839933e-03 5.159008548492768215e-03 9.999622806949491904e-01 2.778901818415842939e+00
9.999489018002449825e-01 -5.763886202987135964e-03 -8.304902278300193078e-03 5.093963014023736996e-03 5.710145815649457501e-03 9.999627000867630233e-01 -6.480174425023447864e-03 -1.030367168740152495e-01 8.341943633213323023e-03 6.432421152231788605e-03 9.999445164339803016e-01 3.358041392688034588e+00
9.999337389232616502e-01 -6.123246764313606920e-03 -9.748005318469680006e-03 6.986820899291239922e-04 6.066610567661284356e-03 9.999646086333922046e-01 -5.829039957422878226e-03 -1.132965407913920225e-01 9.783353137997347765e-03 5.769516415156924170e-03 9.999354972677463316e-01 3.935972142632473858e+00
9.999174668550979694e-01 -6.416875109299708009e-03 -1.113028237131588952e-02 -6.528413768757197061e-03 6.345673028262156096e-03 9.999592525822883493e-01 -6.420716345528118194e-03 -1.290394226271100175e-01 1.117102996417053407e-02 6.349557343506194440e-03 9.999174422060209677e-01 4.525953193507533889e+00
9.999057711188877873e-01 -5.722124525945407325e-03 -1.247822760415525159e-02 -2.415982174651043132e-02 5.614851342235240711e-03 9.999471263286386913e-01 -8.614985921710619637e-03 -1.517475551586092430e-01 1.252686406625544771e-02 8.544110819175105079e-03 9.998850313240801313e-01 5.149126217612602474e+00
9.998927261185224236e-01 -4.572249222923214194e-03 -1.391512765653876021e-02 -3.578648704219291460e-02 4.398709765035379443e-03 9.999124910809754629e-01 -1.247643882592207668e-02 -1.693728079207744708e-01 1.397095557732167849e-02 1.241389192638350791e-02 9.998253386011857202e-01 5.753894699877947438e+00
9.998787618557681833e-01 -3.402250965626079857e-03 -1.519494188865236871e-02 -6.842529870149571813e-02 3.156138650818353375e-03 9.998639244853351205e-01 -1.619170456646685033e-02 -1.753670801927228462e-01 1.524796272093719221e-02 1.614178430750884408e-02 9.997534408323921484e-01 6.353076585468578230e+00
9.998621054801840602e-01 -1.892792402567781973e-03 -1.649810101927125239e-02 -7.776895457655652599e-02 1.625156140930389750e-03 9.998671169217197008e-01 -1.622058458063987268e-02 -1.999103226309741355e-01 1.652661117133714941e-02 1.619153599559702839e-02 9.997323168287268746e-01 6.978090317140332566e+00
9.998396285798452077e-01 -2.080582154535869435e-04 -1.790736727674095696e-02 -1.051351157829192168e-01 2.283043344589695545e-05 9.999465069391244576e-01 -1.034324611355258786e-02 -1.947935940670257882e-01 1.790856165466346572e-02 1.034117859816381657e-02 9.997861488707587840e-01 7.613616941976859565e+00
9.998342322073776600e-01 6.294299914446771504e-04 -1.819648020144598935e-02 -1.277920942616738165e-01 -6.391395320789888812e-04 9.999996564731330473e-01 -5.277836389810689963e-04 -1.873967710249586083e-01 1.819614206211317420e-02 5.393262269901989009e-04 9.998342910564873565e-01 8.271059518822529100e+00
9.998146055220178408e-01 1.369891902430184216e-03 -1.920619548817402086e-02 -1.341758580556431379e-01 -1.245782716709276094e-03 9.999782777246336574e-01 6.472411054435845551e-03 -2.064518067556186942e-01 1.921464512791959747e-02 -6.447284436750096333e-03 9.997945938898337159e-01 8.947981567015595772e+00
9.997757593321093816e-01 3.789699190645584928e-03 -2.083432715665773510e-02 -1.639473755929290177e-01 -3.662611715676489937e-03 9.999744751235369877e-01 6.134686792742120517e-03 -2.354585304789367783e-01 2.085704434695271128e-02 -6.057003173350974240e-03 9.997641204065721432e-01 9.625854580193854204e+00
9.997588607330747390e-01 6.233528692488349982e-03 -2.105619758373355327e-02 -1.780621300845725841e-01 -6.248125371475440892e-03 9.999802833951426662e-01 -6.275048407868456107e-04 -2.430887903708339182e-01 2.105187122074151859e-02 7.589152702207144913e-04 9.997780967808626018e-01 1.032252311598306704e+01
9.997284210554155948e-01 6.426201400437446531e-03 -2.240062537689326352e-02 -2.139500339164406850e-01 -6.572518693152977140e-03 9.999575062301444550e-01 -6.464344171482512558e-03 -2.586964767732290449e-01 2.235813269262795777e-02 6.609817156317407405e-03 9.997281751848552389e-01 1.102940037780826898e+01
9.997115653709938154e-01 5.439216210174032881e-03 -2.339232647483690739e-02 -2.201958139787238145e-01 -5.570701825625272094e-03 9.999690297170831244e-01 -5.559397389523755041e-03 -2.809401835503774203e-01 2.336136364211854194e-02 5.688105569470285755e-03 9.997109043042955445e-01 1.177596857229762151e+01
9.997009846578333025e-01 3.297027331976728343e-03 -2.422954466306727686e-02 -2.496900649998139154e-01 -3.210073496277039348e-03 9.999882709085661237e-01 3.626772472601263574e-03 -2.754325205934705090e-01 2.424121846317022627e-02 -3.547909450161027510e-03 9.996998428084211685e-01 1.250888237014333093e+01
9.997015500525020526e-01 2.477784729194834959e-03 -2.430373132858731217e-02 -2.881449719806224996e-01 -2.226317750553779076e-03 9.999437677647479150e-01 1.036845305102544745e-02 -2.621420125223093978e-01 2.432805590059359743e-02 -1.031125087728129025e-02 9.996508509722049629e-01 1.329562300850849788e+01
9.996943241309727002e-01 1.998079625004253040e-03 -2.464276626723194488e-02 -3.006483386966118387e-01 -1.663336111554171784e-03 9.999061748208493139e-01 1.359686973628057398e-02 -2.752679583624502158e-01 2.466762222307379571e-02 -1.355172444703176687e-02 9.996038511473888111e-01 1.408643535672252156e+01
9.996929858720319251e-01 6.611709326509798701e-05 -2.477760241134660535e-02 -3.110786215368777086e-01 2.541545081189587260e-04 9.999164689873949463e-01 1.292247842123330631e-02 -2.828755375595956023e-01 2.477638755076582919e-02 -1.292480851886941215e-02 9.996094637381840453e-01 1.489185257848586552e+01
9.997053192963196722e-01 9.723909082291586070e-05 -2.427478260955415884e-02 -3.399720312662538046e-01 1.648386985572212332e-04 9.999417288158857220e-01 1.079406305600177224e-02 -2.997051881616801250e-01 2.427441812437889507e-02 -1.079488379918768989e-02 9.996470492911939676e-01 1.570975800034327996e+01
9.997120240578689643e-01 1.784881830709570891e-03 -2.393079823444990706e-02 -3.711051489380672308e-01 -1.618290329580085105e-03 9.999743374015528374e-01 6.978945179475315973e-03 -2.792929294530704376e-01 2.394264112123061991e-02 -6.938208518943296717e-03 9.996892573417174299e-01 1.654167394296978344e+01
9.997359979303082067e-01 -8.631278071293000190e-04 -2.296060567368262903e-02 -3.770179077960028047e-01 8.989810224492716939e-04 9.999983927517394067e-01 1.551233398222361289e-03 -2.939095971594014589e-01 2.295923025669276488e-02 -1.571465053211135339e-03 9.997351670744542007e-01 1.739511764155638573e+01
9.997461487066536812e-01 -3.264681084912648273e-03 -2.229304756335078949e-02 -4.040241366568913528e-01 3.163838950300014441e-03 9.999846106623136999e-01 -4.557253187169703172e-03 -3.145492922367675304e-01 2.230758284882604359e-02 4.485564733255932579e-03 9.997410922311121828e-01 1.824324002658330102e+01
9.997800718514744389e-01 -2.841938170869098834e-03 -2.077814439802947930e-02 -4.234692724444306111e-01 2.643755428242700219e-03 9.999508140072421725e-01 -9.559294942118733152e-03 -3.340464385501881739e-01 2.080428968123370845e-02 9.502260322141416193e-03 9.997384100927584338e-01 1.913058819059676452e+01
9.997775345347039710e-01 -7.690331404532832482e-04 -2.107818758493835293e-02 -4.530329897912484527e-01 5.399568036716373420e-04 9.999407580321282296e-01 -1.087147059873729699e-02 -3.407977099300873447e-01 2.108529974786224961e-02 1.085767084202089901e-02 9.997187210181194272e-01 2.002861335764179884e+01
9.997708253229250497e-01 -1.086273990874129722e-03 -2.138029012891902447e-02 -4.776879414036720450e-01 8.629158077583460110e-04 9.999449896528572745e-01 -1.045337476835295210e-02 -3.611267955706050081e-01 2.139046958163911757e-02 1.043252980611740835e-02 9.997167649735931860e-01 2.095335618136628497e+01
9.997789601971651674e-01 -2.421025131611916070e-05 -2.102451245122159695e-02 -5.029082871037897640e-01 -2.158432325662148349e-04 9.999348183787409861e-01 -1.141544599131628403e-02 -3.937955429946301544e-01 2.102341876361650194e-02 1.141746080763909876e-02 9.997137877851416388e-01 2.190746084274486449e+01
9.997728990347022338e-01 3.164041123962643351e-03 -2.107460928021051560e-02 -5.425881085411213833e-01 -3.441110633636463439e-03 9.999079579212485358e-01 -1.312381236801433287e-02 -4.169817685875881752e-01 2.103114559885436649e-02 1.319335209924990537e-02 9.996917657011481495e-01 2.285840187902444853e+01
9.997526566820877925e-01 7.050063652923859586e-03 -2.109317446152945627e-02 -5.684058088979402346e-01 -7.345386132181155533e-03 9.998756259337386876e-01 -1.395628824232980278e-02 -4.368554351236652034e-01 2.099215864678492111e-02 1.410777386417201400e-02 9.996800988453049541e-01 2.381756614043254672e+01
9.997383564318610416e-01 7.831541523493724954e-03 -2.149152351894458024e-02 -5.991820952151847290e-01 -8.139124177635129881e-03 9.998651680075189008e-01 -1.426185401021615867e-02 -4.596713078338515723e-01 2.137693382800356576e-02 1.443304477392532217e-02 9.996673016333466055e-01 2.477211741139091572e+01
9.997396607429991366e-01 8.590310369899210527e-03 -2.113805221289830408e-02 -6.331183965119435708e-01 -8.892054130358510375e-03 9.998593151676994362e-01 -1.422256179903245293e-02 -4.886584566274237984e-01 2.101290253898496774e-02 1.440681991930345060e-02 9.996753980678730889e-01 2.574757227429221373e+01
9.997283792734529273e-01 9.066681719602670900e-03 -2.147004663121759860e-02 -6.572991368817177049e-01 -9.371136204019799715e-03 9.998563576791807961e-01 -1.412252931114507150e-02 -5.214622911855611997e-01 2.133891850075654920e-02 1.431989217628089339e-02 9.996697411052438698e-01 2.673478083168087238e+01
9.997147625506319635e-01 9.506934472678260986e-03 -2.190916880939488762e-02 -6.963900672496140531e-01 -9.800409544323982966e-03 9.998631640331505643e-01 -1.332686019468723448e-02 -5.548853278382777088e-01 2.177947362402281664e-02 1.353777779980084271e-02 9.996711374937172767e-01 2.773195249923744754e+01
9.997044613631772547e-01 1.025417661867383291e-02 -2.204181783111589313e-02 -7.195896120458656897e-01 -1.051185013282892634e-02 9.998773898560914253e-01 -1.160630359232907999e-02 -5.846183286367958587e-01 2.192010256121242062e-02 1.183457384818955606e-02 9.996896778515559356e-01 2.874505970057769844e+01
9.996851266280651904e-01 1.065439981936079812e-02 -2.271852331704423550e-02 -7.456973250108507312e-01 -1.090347217886811215e-02 9.998814949844939681e-01 -1.086785648256081462e-02 -6.088817482968583716e-01 2.260004094982919973e-02 1.111214534463509512e-02 9.996828289081537422e-01 2.977351105917136920e+01
9.996919847156383598e-01 1.011359961807784848e-02 -2.266386414251138695e-02 -7.760279023793585917e-01 -1.037238768315614998e-02 9.998820129813282831e-01 -1.133021233656835575e-02 -6.398702820296197080e-01 2.254660124818431977e-02 1.156180092159871803e-02 9.996789362442186633e-01 3.079047619976463679e+01
9.996568095906491758e-01 1.241562116855323555e-02 -2.306762502487248040e-02 -8.157323016920098313e-01 -1.269449137346550724e-02 9.998476245010945451e-01 -1.198239101760174667e-02 -6.689476296175552728e-01 2.291534164052426784e-02 1.227111062568827377e-02 9.996620964111092578e-01 3.180282577847157910e+01
9.996616963042744830e-01 1.185646953317015702e-02 -2.314988137064671533e-02 -8.456699903652930006e-01 -1.212339866139460973e-02 9.998612438835492444e-01 -1.142436911003592848e-02 -6.952619284449492731e-01 2.301121688506145568e-02 1.170115952251186975e-02 9.996667278663765588e-01 3.282625872880355189e+01
9.996679688058446311e-01 1.061345395233800719e-02 -2.347992069395860720e-02 -8.797962309420858107e-01 -1.083236817342032865e-02 9.998988574814565711e-01 -9.215998552952056957e-03 -7.327535802751277139e-01 2.337973269430642514e-02 9.467281757536933490e-03 9.996818287415125681e-01 3.390254560349355017e+01
9.996512366772813962e-01 1.123813518547185641e-02 -2.389789241627792576e-02 -8.997032128749650193e-01 -1.137832182050968130e-02 9.999188001781031954e-01 -5.738193621104050075e-03 -7.483202940426709748e-01 2.383146572195209492e-02 6.008110285676271367e-03 9.996979363259841378e-01 3.493195142944225751e+01
9.996400311516170367e-01 1.081473930042271998e-02 -2.455299304061856619e-02 -9.348335133150983411e-01 -1.089595016171716023e-02 9.999355929615801886e-01 -3.176195900215211983e-03 -7.672728767757619472e-01 2.451706234464129733e-02 3.442580758514023932e-03 9.996934841919121739e-01 3.598772179488699408e+01
9.996297440161815429e-01 1.062434081858825742e-02 -2.504991404716663470e-02 -9.671883297637973165e-01 -1.069342698440842176e-02 9.999393766155836305e-01 -2.625592163912362359e-03 -7.961627452843843544e-01 2.502050068006140063e-02 2.892489445533051248e-03 9.996827537253131224e-01 3.704266342202119233e+01
9.996156247644648607e-01 1.101484479234087453e-02 -2.544161655096835103e-02 -9.965128479551521590e-01 -1.110574753307241001e-02 9.999324311669526288e-01 -3.434456943711980750e-03 -8.230791139396698153e-01 2.540206791571289133e-02 3.715684996704059911e-03 9.996704100235308532e-01 3.811971163827522702e+01
9.995862371100270316e-01 1.154389780672339556e-02 -2.634564351602279586e-02 -1.033635214767882005e+00 -1.165574314245370995e-02 9.999236815948582269e-01 -4.095688101779681144e-03 -8.398152762973889462e-01 2.629635310369364889e-02 4.401071519822247202e-03 9.996445030263755305e-01 3.919522509700205148e+01
9.995766403077930295e-01 1.124896449359495156e-02 -2.683283207011370394e-02 -1.073479424658257075e+00 -1.133657064845537341e-02 9.999308871175359714e-01 -3.114992280371656902e-03 -8.598293962092283804e-01 2.679593759784019286e-02 3.417865813412392095e-03 9.996350814026091491e-01 4.027931736372573823e+01
9.995744161329959132e-01 1.056969421986383301e-02 -2.718948519400731650e-02 -1.108246499149491582e+00 -1.060933108553639183e-02 9.999428561928351833e-01 -1.313949640646238336e-03 -8.859771307206453228e-01 2.717404390534302813e-02 1.601852677536911955e-03 9.996294340686292523e-01 4.135860779616096039e+01
9.995568814268454005e-01 9.576560760599955868e-03 -2.818386425814032106e-02 -1.147209841177767808e+00 -9.556158437879573239e-03 9.999539703488450337e-01 8.585090080462090198e-04 -9.016842711781360986e-01 2.819078901607173157e-02 -5.887991526988458485e-04 9.996023873439376928e-01 4.242954557384384628e+01
9.995362464466011065e-01 9.916448451729051317e-03 -2.879159626865029561e-02 -1.178306009750659467e+00 -9.891840492407540791e-03 9.999505775262177432e-01 9.970032709129342252e-04 -9.257156702235225243e-01 2.880006054660326845e-02 -7.117390694046142954e-04 9.995849388596198537e-01 4.349922539294281165e+01
9.995066877121229210e-01 1.185492488361813458e-02 -2.908336115859861890e-02 -1.223999158419567967e+00 -1.191474397602451142e-02 9.999272413749505928e-01 -1.884371476723766502e-03 -9.529426003968076708e-01 2.905890651080320769e-02 2.229962680608097055e-03 9.995752134150320822e-01 4.457000077715344588e+01
9.994542890769925192e-01 1.571147354277541153e-02 -2.905638584461310223e-02 -1.266330604716344510e+00 -1.588889682866551772e-02 9.998564423334072027e-01 -5.885381419241407508e-03 -9.946107147320832897e-01 2.895974705717281952e-02 6.343843639723133893e-03 9.995604477729829185e-01 4.565070515290367581e+01
9.994279007130579817e-01 1.700630019232708678e-02 -2.923451625276001636e-02 -1.311172219642427583e+00 -1.719784043124095857e-02 9.998321765725063370e-01 -6.312924054834702023e-03 -1.018266367502240088e+00 2.912225103069806739e-02 6.812083004835433296e-03 9.995526449738549868e-01 4.672692192901448749e+01
9.994509050777752313e-01 1.522370414521871489e-02 -2.943003712311781372e-02 -1.343183333978600125e+00 -1.535242553116460996e-02 9.998735206938519360e-01 -4.152791436691638007e-03 -1.037594763965822953e+00 2.936309446685481106e-02 4.602333617787664026e-03 9.995582160453300169e-01 4.781148455184946755e+01
9.994846698329189483e-01 1.457454184367337757e-02 -2.860030447614080734e-02 -1.371605782686277086e+00 -1.464311835203301222e-02 9.998903860157557499e-01 -2.189764254166853656e-03 -1.047405993152916936e+00 2.856525516279111165e-02 2.607433433269083951e-03 9.995885291168450371e-01 4.888362531040505132e+01
9.994932089931627406e-01 1.365134611333956687e-02 -2.875701383109292505e-02 -1.418562852309789291e+00 -1.369098467763714931e-02 9.999055755360564124e-01 -1.181938060250679878e-03 -1.082163407006098144e+00 2.873816391469827952e-02 1.575050878741869782e-03 9.995857327932352598e-01 4.998480243323121641e+01
9.994949117966088759e-01 1.410032873110961260e-02 -2.847985148724542157e-02 -1.448686362535791083e+00 -1.414723931429025076e-02 9.998988768024790197e-01 -1.446311529910098911e-03 -1.106079910087252260e+00 2.845657853517227082e-02 1.848492270434994901e-03 9.995933204398221861e-01 5.106212707667118167e+01
9.995136992224126216e-01 1.393446666128175110e-02 -2.789615790204553331e-02 -1.494817161950938944e+00 -1.401410119422117143e-02 9.998982563445162342e-01 -2.661194278353515123e-03 -1.136509088427918535e+00 2.785623780011252035e-02 3.050839709788286808e-03 9.996072841093714967e-01 5.214211650039074186e+01
9.995063278669467088e-01 1.486137973623915219e-02 -2.768103800350011495e-02 -1.523250131873277624e+00 -1.500523361096463802e-02 9.998749318081519011e-01 -4.996372328374034354e-03 -1.152695513671443628e+00 2.760332347108725853e-02 5.409266214194768940e-03 9.996043199302263593e-01 5.321708216893046739e+01
9.995192090994842182e-01 1.446900430419269246e-02 -2.742259060876412954e-02 -1.561164668035726732e+00 -1.467447400190411734e-02 9.998656296833031698e-01 -7.306327454789563261e-03 -1.186802651063371794e+00 2.731319100749537293e-02 7.705226767400650753e-03 9.995972284511617234e-01 5.429416390704664508e+01
9.995627904810621134e-01 1.074262996569021536e-02 -2.754675506446012390e-02 -1.602664366504448212e+00 -1.103890728940216254e-02 9.998826083734724257e-01 -1.062600681792195446e-02 -1.226853438350051784e+00 2.742937051048767103e-02 1.092544716939808716e-02 9.995640371118404977e-01 5.535825227064584197e+01
9.995529265798682728e-01 1.218184843733931787e-02 -2.730475158954144208e-02 -1.639997725811156659e+00 -1.252043053365670643e-02 9.998464092797296754e-01 -1.226363304798269022e-02 -1.270781456409504573e+00 2.715116457114035223e-02 1.260001763128793494e-02 9.995519265486777494e-01 5.642975353836959584e+01
9.995745396842775632e-01 9.679138441082323768e-03 -2.751461109417846843e-02 -1.674493556520670889e+00 -9.965972777530928556e-03 9.998972188479893219e-01 -1.030684953014118430e-02 -1.303505635992052936e+00 2.741202215105732060e-02 1.057667430491809543e-02 9.995682643281513791e-01 5.751326925984074023e+01
9.996095169780260248e-01 7.672546786661949697e-03 -2.686904404550096229e-02 -1.703673045493808935e+00 -7.808224003700830335e-03 9.999572720932927705e-01 -4.948296824423515164e-03 -1.315767927693958894e+00 2.682993040757175596e-02 5.156164130410864806e-03 9.996267147564713573e-01 5.862222762675634868e+01
9.996279216737848916e-01 5.589789274606076983e-03 -2.669779776747711192e-02 -1.735736466375878750e+00 -5.576441364564813791e-03 9.999842865697876615e-01 5.743915592838584258e-04 -1.331055915597922024e+00 2.670058944340859136e-02 -4.252991693227022030e-04 9.996433852599283520e-01 5.970396862297671703e+01
9.996402731843946343e-01 3.130349068754773728e-03 -2.663691211469349299e-02 -1.768222329521188740e+00 -3.074205430005527706e-03 9.999929667346737494e-01 2.148429058971524155e-03 -1.361542089826538682e+00 2.664345056604586551e-02 -2.065768917364567067e-03 9.996428658230817055e-01 6.076535332119170363e+01
9.996517170137376729e-01 2.093308883044488547e-03 -2.630708415231427719e-02 -1.805691117466571738e+00 -2.116497494725422257e-03 9.999973958630499205e-01 -8.536448922849071766e-04 -1.394443047362083909e+00 2.630522915703864886e-02 9.090264425769389173e-04 9.996535443035268198e-01 6.186862004995207798e+01
9.996604344508041029e-01 -1.404175137829574704e-06 -2.605793052647644922e-02 -1.839415904449869688e+00 -9.378258773515453506e-05 9.999933282415387481e-01 -3.651667845856532320e-03 -1.426781458497786259e+00 2.605776224963271548e-02 3.652871654914436293e-03 9.996537648619792105e-01 6.294350946834507710e+01
9.996507833257251008e-01 2.551216724869976790e-03 -2.630214127836381574e-02 -1.867350143175040111e+00 -2.757397995595566031e-03 9.999657335815751447e-01 -7.805666226066518970e-03 -1.444083010048061944e+00 2.628132649942357263e-02 7.875465875216881503e-03 9.996235636288601789e-01 6.402706128846946854e+01
9.996528243281864734e-01 2.345947897872728560e-03 -2.624361423284629277e-02 -1.913217516026008980e+00 -2.649289463679527917e-03 9.999300190255259180e-01 -1.152988825423697551e-02 -1.485428346343305561e+00 2.621472960488956810e-02 1.159541236891646621e-02 9.995890827788529442e-01 6.512525706343352283e+01
9.996522854181719708e-01 5.384873037040003099e-03 -2.581300723781595335e-02 -1.940314290625040128e+00 -5.716601484267169742e-03 9.999018033738292788e-01 -1.279468988945240727e-02 -1.516355345376733998e+00 2.574157514008468262e-02 1.293780375604014488e-02 9.995849061430875926e-01 6.620177330979132080e+01
9.996684574540770640e-01 8.275959743199992266e-03 -2.438203439768436148e-02 -1.985860615580793853e+00 -8.515781803460095375e-03 9.999162191053663218e-01 -9.748653647826163726e-03 -1.526795510661157484e+00 2.429931259451596770e-02 9.953053702441318554e-03 9.996551806358704440e-01 6.728680309003047455e+01
9.996602810360436520e-01 9.421779952941963104e-03 -2.430128636543130508e-02 -2.027055879135098770e+00 -9.598513489200873744e-03 9.999282542725428380e-01 -7.166230941293098150e-03 -1.568538556680840301e+00 2.423202461267665378e-02 7.397052700700483194e-03 9.996789947964865863e-01 6.837520597613773532e+01
9.996605151261618305e-01 9.651458052884894293e-03 -2.420131799040437307e-02 -2.056973031874368196e+00 -9.808574041875017802e-03 9.999315302063574995e-01 -6.381754807620666423e-03 -1.602596220915618153e+00 2.413806810313883291e-02 6.616968749545141214e-03 9.996867356504762769e-01 6.946162107527010221e+01
9.996536782579082958e-01 8.737343771048025620e-03 -2.482301969961365345e-02 -2.079001624305117257e+00 -8.879346599810001781e-03 9.999448064978820883e-01 -5.616153479586958285e-03 -1.630830233342759561e+00 2.477257978921931433e-02 5.834620703694133777e-03 9.996760858078237444e-01 7.054675956916977952e+01
9.996598864769584702e-01 7.681945320858654669e-03 -2.492185836915073241e-02 -2.115603512965200661e+00 -7.796976090805506077e-03 9.999593795662561346e-01 -4.521769238028447782e-03 -1.659083029474337945e+00 2.488611047414594768e-02 4.714546471945441075e-03 9.996791758367715719e-01 7.165229980073129923e+01
9.996501761068024017e-01 6.254978141323105575e-03 -2.569826061673516002e-02 -2.136251685104517684e+00 -6.323870985475153403e-03 9.999766229177485810e-01 -2.600439637633742210e-03 -1.686529942269600735e+00 2.568139461475333479e-02 2.762042423671577131e-03 9.996663629127073847e-01 7.274456496961757068e+01
9.996433338823783599e-01 4.917526990268913933e-03 -2.624924560399616996e-02 -2.170552299387371598e+00 -4.944888745549632161e-03 9.999872961386983006e-01 -9.775715125108228390e-04 -1.710315041145647585e+00 2.624410535580106243e-02 1.107022427515601953e-03 9.996549512126223780e-01 7.383182413943318068e+01
9.996375190835430358e-01 4.795166338281104529e-03 -2.649220190764717611e-02 -2.203078655290942933e+00 -4.844635923763673108e-03 9.999866384394211494e-01 -1.803456378720213332e-03 -1.732418996774517606e+00 2.648320051343144854e-02 1.931147723174863121e-03 9.996473932381813032e-01 7.489237007126261858e+01
9.996192279406158621e-01 5.219295142153797945e-03 -2.709535069033820742e-02 -2.248250207482366925e+00 -5.366672027132871753e-03 9.999711841775204002e-01 -5.369325565699077304e-03 -1.779035413184132386e+00 2.706654628367012247e-02 5.512692959156226258e-03 9.996184333725219862e-01 7.598659208135204324e+01
9.996041290592289075e-01 5.791054101447210348e-03 -2.753268598246642190e-02 -2.286957476671128475e+00 -5.983967318500418506e-03 9.999580863957855392e-01 -6.929473230232695985e-03 -1.798162232760153190e+00 2.749140350280765421e-02 7.091484781967308075e-03 9.995968855630350536e-01 7.704191235134109661e+01
9.995844495248172867e-01 6.518100865599252627e-03 -2.807921943080981045e-02 -2.322320455198274569e+00 -6.678945507618617647e-03 9.999618000929912931e-01 -5.638267052832133391e-03 -1.823720524207739890e+00 2.804139649332840906e-02 5.823463667793394444e-03 9.995897995704916550e-01 7.812981020412502176e+01
9.995633679376243474e-01 7.771469204215588483e-03 -2.850750207744635889e-02 -2.349680318016240665e+00 -7.826523638570033817e-03 9.999677157756421408e-01 -1.820150964056741101e-03 -1.848982458784621974e+00 2.849243697834008895e-02 2.042470853665565543e-03 9.995919214366433270e-01 7.920295828130554128e+01
9.995515427476960868e-01 8.571909901060230721e-03 -2.869208393303445542e-02 -2.384169525707311443e+00 -8.525119627909992504e-03 9.999621244670378051e-01 1.752707233304600515e-03 -1.868236516575231487e+00 2.870602175111516483e-02 -1.507317817523964529e-03 9.995867607982823477e-01 8.027906823756805466e+01
9.995301656155033410e-01 9.465910343828133622e-03 -2.915209241537538090e-02 -2.428970371916188142e+00 -9.385326811652992471e-03 9.999517521253478147e-01 2.899841278737182431e-03 -1.896385259074591323e+00 2.917813603311708928e-02 -2.624876976760629789e-03 9.995707811130462028e-01 8.134723031854747433e+01
9.994927882971905708e-01 1.116022780025149180e-02 -2.982642081281994262e-02 -2.465869065883502298e+00 -1.112525397410570396e-02 9.999372169053694082e-01 1.338279802016463169e-03 -1.924743146623985490e+00 2.983948424174176148e-02 -1.005774548806273941e-03 9.995541974577073496e-01 8.241330676453526394e+01
9.994774829560838514e-01 1.089905992837130085e-02 -3.042977943812081448e-02 -2.510806728082168870e+00 -1.088708218151304696e-02 9.999405775668490648e-01 5.592833166329505903e-04 -1.943146627933600268e+00 3.043406741504131249e-02 -2.276996099211843483e-04 9.995367505761264537e-01 8.343738971768138413e+01
9.994674000338336084e-01 1.041009506110980587e-02 -3.092807964277433444e-02 -2.546696893998463995e+00 -1.039944766149865363e-02 9.999457967190554797e-01 5.051061617393406283e-04 -1.962384531264244059e+00 3.093166197723638128e-02 -1.832022342666342341e-04 9.995214849038009941e-01 8.447640714626915326e+01
9.994624931370358345e-01 8.135969970593383283e-03 -3.175737280337070229e-02 -2.588880895043063735e+00 -8.115940955556108505e-03 9.999667767528651607e-01 7.595447785698301521e-04 -1.986437329930721418e+00 3.176249790343337737e-02 -5.013955951219404086e-04 9.994953188442546876e-01 8.550695649949037147e+01
9.994613253350008719e-01 7.899852490892082801e-03 -3.185359340615256940e-02 -2.630602319695710900e+00 -7.833804075629073951e-03 9.999669001206095142e-01 2.197769630073785271e-03 -2.019086873944432536e+00 3.186990166476125208e-02 -1.947050990284724531e-03 9.994901292274962490e-01 8.653022460876722732e+01
9.994483702688820026e-01 6.152469973312632567e-03 -3.263590360648114391e-02 -2.676439491922204095e+00 -6.003952224992972070e-03 9.999711795059297303e-01 4.646797325778700277e-03 -2.038572331608737631e+00 3.266355287368998689e-02 -4.448289683516862270e-03 9.994565048556455222e-01 8.753366760267910252e+01
9.994201702396352527e-01 6.121599821526929955e-03 -3.349401820904596150e-02 -2.698677309401457336e+00 -5.927580157159380997e-03 9.999650917081377433e-01 5.888902127151978728e-03 -2.062926019059553528e+00 3.352889907748227843e-02 -5.686949176253758287e-03 9.994215685105496405e-01 8.852914377468889029e+01
9.993579391066016449e-01 4.946854040507670663e-03 -3.548574500829280304e-02 -2.757733928884537722e+00 -4.734449315065759889e-03 9.999703867810154634e-01 6.067170509961729297e-03 -2.077763973108387674e+00 3.551470818799280088e-02 -5.895269646344262690e-03 9.993517655819422751e-01 8.947303641605306268e+01
9.992357372516464942e-01 4.378652391483619198e-03 -3.884287210734252427e-02 -2.793430716495791000e+00 -4.166341252587645733e-03 9.999759461034714025e-01 5.545161981678470992e-03 -2.105681605931517542e+00 3.886621879918789046e-02 -5.379091448906673893e-03 9.992299447544169544e-01 9.040821315899148658e+01
9.990932544501878176e-01 4.289948719084666837e-03 -4.235876713951278877e-02 -2.840218614069337733e+00 -4.088212971942922769e-03 9.999798913724304850e-01 4.848027631410938704e-03 -2.122628192056431828e+00 4.237871389044060161e-02 -4.670460127689421079e-03 9.990907023405288800e-01 9.130308631032970368e+01
9.989558740337234344e-01 4.349977725634478383e-03 -4.547789924286307212e-02 -2.887939606440393270e+00 -4.140044609652233920e-03 9.999803409396673670e-01 4.709328125614494973e-03 -2.139398027201628860e+00 4.549749145407400164e-02 -4.516130548764946823e-03 9.989542446666099806e-01 9.219392963222490778e+01
9.987988556275564367e-01 4.286105777473172770e-03 -4.881060516533531485e-02 -2.940514181312341879e+00 -4.010633698493292279e-03 9.999754819601145428e-01 5.740235359475705929e-03 -2.156800572890436918e+00 4.883401253116245733e-02 -5.537579149119549113e-03 9.987915571073905374e-01 9.307072895483693742e+01
9.986568089028833306e-01 5.331241399108911302e-03 -5.153790613481352284e-02 -3.001774656598602320e+00 -4.995338815458381584e-03 9.999654500111391231e-01 6.644199104086063491e-03 -2.173222460176994719e+00 5.157154822838499325e-02 -6.377825481956856529e-03 9.986489367521234062e-01 9.391749694681729466e+01
9.984840817960636272e-01 6.284379438150671654e-03 -5.468130242271705688e-02 -3.045496189879966398e+00 -5.833532368461707973e-03 9.999476976522105875e-01 8.400706442628722709e-03 -2.191944911885672198e+00 5.473123664356174811e-02 -8.068986640230002907e-03 9.984685189437797481e-01 9.470440307604503971e+01
9.983358078069181074e-01 8.099060625104624253e-03 -5.709658409753955860e-02 -3.096667174578979331e+00 -7.587493887866942135e-03 9.999291608804473652e-01 9.170778000412271869e-03 -2.208910277614038353e+00 5.716681510990109100e-02 -8.722296218976547874e-03 9.983265382323778248e-01 9.550024970347141107e+01
9.981553066073837188e-01 9.896686458412913556e-03 -5.990024477098343514e-02 -3.139062137330603797e+00 -9.322904936716839425e-03 9.999080177391878044e-01 9.850863885570573103e-03 -2.236562126616086221e+00 5.999222696862662602e-02 -9.274247921872027720e-03 9.981557599788749569e-01 9.627060855748871404e+01
9.979777817529337236e-01 1.130047149670722686e-02 -6.255114942411788004e-02 -3.207968196584875198e+00 -1.075915122626581316e-02 9.999017582409834848e-01 8.984127646030353950e-03 -2.248946127828207686e+00 6.264653025883333559e-02 -8.292962645055626178e-03 9.980013222316812538e-01 9.697707304984392351e+01
9.978112839053403516e-01 1.353108270935503982e-02 -6.472674348647068643e-02 -3.251333618391747837e+00 -1.318236687262417522e-02 9.998962200442345072e-01 5.811571994671044065e-03 -2.270263677488849385e+00 6.479866413445069251e-02 -4.945600549099234480e-03 9.978861028829705271e-01 9.768279537932214396e+01
9.976106531892658946e-01 1.544399090085951838e-02 -6.733845547129700682e-02 -3.315420622187676969e+00 -1.534454976607992592e-02 9.998802777349052873e-01 1.993744981226187526e-03 -2.288908045613368358e+00 6.736118610393404538e-02 -9.557030335897703094e-04 9.977281981640379049e-01 9.837126111857783428e+01
9.974303228265477550e-01 1.751951735712312802e-02 -6.946810348834127347e-02 -3.373017699345153719e+00 -1.761049058027219782e-02 9.998446801442348875e-01 -6.973120224364652911e-04 -2.299150396073314173e+00 6.944509834136211590e-02 1.918887479079859314e-03 9.975839294853212635e-01 9.898664184827033807e+01
9.972944197759863183e-01 1.957933783966564825e-02 -7.085541326053627909e-02 -3.422419457981135782e+00 -1.973549716217518069e-02 9.998041042173685389e-01 -1.504454014540491762e-03 -2.319468473259669317e+00 7.081207799196759245e-02 2.898750348458959888e-03 9.974854620704902697e-01 9.959085883218746460e+01
9.973189723840351073e-01 2.108295138426381776e-02 -7.007407693582731745e-02 -3.481746955291493695e+00 -2.122147578946636387e-02 9.997740389806729633e-01 -1.232878254571159043e-03 -2.329381647666603605e+00 7.003225142168255368e-02 2.716648146689583550e-03 9.975410286127724957e-01 1.001748867233795437e+02
9.974562208813411157e-01 2.405840893666991859e-02 -6.709903251043680683e-02 -3.524796446111349457e+00 -2.411692029445459615e-02 9.997091428810622737e-01 -6.200707709891600111e-05 -2.344472284454877542e+00 6.707802564510148557e-02 1.680071300372221882e-03 9.977463184634347559e-01 1.007492731110548050e+02
9.977524181812493786e-01 2.631019443237844063e-02 -6.162698659217510921e-02 -3.548819932622820250e+00 -2.627684703159043761e-02 9.996537902724491609e-01 1.351650054984981225e-03 -2.360486625252655291e+00 6.164121397022836318e-02 2.707507159501083838e-04 9.980983356295245468e-01 1.012774695145092636e+02
9.981615675520980613e-01 2.754666739660354552e-02 -5.398764668333396605e-02 -3.588009377381929710e+00 -2.741311259156885977e-02 9.996190266809263925e-01 3.212913232267340744e-03 -2.373882356465061516e+00 5.405558481751607941e-02 -1.727037156359605662e-03 9.985364345979834688e-01 1.018016898620688124e+02
9.986431132503202912e-01 2.717998087633405335e-02 -4.442050027672508200e-02 -3.624015403741546848e+00 -2.695467223716020017e-02 9.996206137676176828e-01 5.663411471965023626e-03 -2.379315934440322966e+00 4.455757993903544656e-02 -4.458386939631755162e-03 9.989968693415639533e-01 1.022780391390455748e+02
9.991043530587839783e-01 2.705602031184690254e-02 -3.253403362813494376e-02 -3.621371622937563206e+00 -2.684306220906635537e-02 9.996153965662896157e-01 6.964841146331596407e-03 -2.395174699782471439e+00 3.270996238002942674e-02 -6.085290124243154970e-03 9.994463605775069093e-01 1.027534616666280129e+02
9.994724676705588617e-01 2.605762193191016665e-02 -1.938521654402390257e-02 -3.621403576962558990e+00 -2.592467900708660816e-02 9.996388413721732924e-01 7.077986273475334045e-03 -2.407090352481931816e+00 1.956265123846944939e-02 -6.571696987312672725e-03 9.997870350786401961e-01 1.031923147643175724e+02
9.996725149395730980e-01 2.525846852636002421e-02 -4.107625122492040981e-03 -3.612247197372103980e+00 -2.523102047989102953e-02 9.996598456357040918e-01 6.602172291399261393e-03 -2.417518559341983675e+00 4.272988734458852376e-03 -6.496370686445809492e-03 9.999697689146919144e-01 1.036231270922365013e+02
9.996013761590822888e-01 2.447473865657967887e-02 1.407394453152092939e-02 -3.594257809061087716e+00 -2.452796092651945634e-02 9.996925847696923606e-01 3.621482919146499450e-03 -2.430190162652947627e+00 -1.398098337941166593e-02 -3.965244511980445599e-03 9.998943988863694399e-01 1.040568231220360929e+02
9.990952108444306479e-01 2.421419739890560280e-02 3.496329918970081385e-02 -3.580851648449022040e+00 -2.420522765963718792e-02 9.997067794017069353e-01 -6.798690401961402993e-04 -2.439107171441257993e+00 -3.496951032101912327e-02 -1.670407007059076035e-04 9.993883656604339860e-01 1.044544104877556094e+02
9.979887107840994531e-01 2.211104906355942923e-02 5.941072827246938332e-02 -3.542022593697621513e+00 -2.182969718136153550e-02 9.997472244990137646e-01 -5.380657281042643646e-03 -2.459347363830844291e+00 -5.951468370939658192e-02 4.072917092700498003e-03 9.982191211086743898e-01 1.048739829287007979e+02
9.960775500197784904e-01 2.051774358155677991e-02 8.607285574108683446e-02 -3.486245829381338979e+00 -1.988159739614009727e-02 9.997683722142908236e-01 -8.241604594837116660e-03 -2.473031317210092617e+00 -8.622201950678556881e-02 6.498011573937237731e-03 9.962547561773116289e-01 1.052539804984780574e+02
9.930698711048687732e-01 1.737698284357980932e-02 1.162336933267106853e-01 -3.404957060923639922e+00 -1.636184415284525073e-02 9.998192570552570935e-01 -9.682112953080093676e-03 -2.479555610437167879e+00 -1.163809328412857697e-01 7.713217253884693293e-03 9.931747000520034785e-01 1.056495744496448737e+02
9.888016614125341164e-01 1.491174731510675443e-02 1.484887671666667297e-01 -3.347535973193482839e+00 -1.336350508012523058e-02 9.998455001025213784e-01 -1.141896161246051464e-02 -2.496137905104010013e+00 -1.486361049211339935e-01 9.306758033379937747e-03 9.888481646574125428e-01 1.060232663793487973e+02
9.827825588011201985e-01 1.323905963869956987e-02 1.842909901662718175e-01 -3.222181106402179473e+00 -1.098799846122134986e-02 9.998520960566451565e-01 -1.323064335697402699e-02 -2.513126579100229741e+00 -1.844388972834191676e-01 1.097785668063234327e-02 9.827826718907017867e-01 1.063995353333362885e+02
9.749271235172649597e-01 1.048482862301323114e-02 2.222772404625212861e-01 -3.103197253792494781e+00 -7.554308249836029499e-03 9.998730346966238081e-01 -1.403021486517571324e-02 -2.530577831854647020e+00 -2.223961272263554056e-01 1.199928654077681012e-02 9.748825469116586540e-01 1.067362960929825704e+02
9.649914626664768402e-01 7.868660986459621864e-03 2.621632321766816376e-01 -2.979000822745147659e+00 -4.154563729230811159e-03 9.998830473791180395e-01 -1.471839573754071123e-02 -2.543256099842910789e+00 -2.622483901193376488e-01 1.311395273665744501e-02 9.649112948681792812e-01 1.071160310693232844e+02
9.528386021733504796e-01 7.866389264971058656e-03 3.033755377839830181e-01 -2.856679090139778499e+00 -3.342429282097296103e-03 9.998753878370626458e-01 -1.542844682991023966e-02 -2.557571781047494497e+00 -3.034591049380032102e-01 1.368680883615483457e-02 9.527461593148771613e-01 1.074070883840172712e+02
9.375956772810594142e-01 9.236120732120538246e-03 3.476047156841117203e-01 -2.689119776122203209e+00 -3.918704039699641428e-03 9.998643572149876757e-01 -1.599721657620209458e-02 -2.565123912380142368e+00 -3.477053238696490856e-01 1.363676155392345643e-02 9.375046923244745312e-01 1.077411183282580396e+02
9.198335051708438348e-01 8.435278583935182373e-03 3.922182640669479303e-01 -2.516067815296834098e+00 -2.741244979794995457e-03 9.998826039001532662e-01 -1.507527777801158202e-02 -2.579340843057031929e+00 -3.922993901450582688e-01 1.279157973565715062e-02 9.197486429161219057e-01 1.080827729484032886e+02
8.998317525968867470e-01 8.109935100904967081e-03 4.361617168132703171e-01 -2.339468618216144602e+00 -2.106356519821593956e-03 9.998962965210306253e-01 -1.424638448331094764e-02 -2.587481258025726483e+00 -4.362320301440310022e-01 1.190063755971571859e-02 8.997555187130313881e-01 1.083851550422442358e+02
8.768654832809805733e-01 7.211499051743850211e-03 4.806817191137910950e-01 -2.104734840775056792e+00 -9.786072274903766244e-05 9.998901361961536338e-01 -1.482248164778680877e-02 -2.604571923583201443e+00 -4.807358102399951760e-01 1.295028324477257714e-02 8.767698525480575045e-01 1.086870927476001327e+02
