9.999999999999998890e-01 0.000000000000000000e+00 3.049318610115481221e-19 0.000000000000000000e+00 1.734723475976807094e-18 1.000000000000000000e+00 0.000000000000000000e+00 1.387778780781445676e-17 -2.032879073410320814e-20 0.000000000000000000e+00 1.000000000000000000e+00 0.000000000000000000e+00
9.999829048977558754e-01 2.176121324092058357e-04 -5.843162500407925869e-03 -8.673240148460305277e-03 -2.167261383210043746e-04 9.999999649231948728e-01 1.522621396455722462e-04 -5.132352912802340406e-03 5.843195530828675099e-03 -1.509931776095090050e-04 9.999829169920249061e-01 7.812982178263572219e-02
9.999158286491366399e-01 2.229144095663264380e-04 -1.297250571533718755e-02 -1.926308679777686064e-02 -2.197861171762821586e-04 9.999999464263652493e-01 2.425730504581613545e-04 -4.746044669522650472e-03 1.297255931819860097e-02 -2.397014704489880757e-04 9.999158240917717100e-01 1.416227608213959099e-01
9.997820498819829371e-01 4.828568544263597828e-04 -2.087150079172741396e-02 -3.158621259398402409e-02 -4.820099818521172280e-04 9.999998827936572576e-01 4.560628349748949151e-05 -5.433190136624771460e-03 2.087152072813252407e-02 -3.553609183860363674e-05 9.997821654723274554e-01 2.089490644531852848e-01
9.995483435424225016e-01 5.276758895941084659e-04 -3.004713665178976659e-02 -5.428101640314358933e-02 -5.422117963543113955e-04 9.999997398944499016e-01 -4.756243312316861885e-04 -8.708409971565633789e-03 3.004687838061775168e-02 4.917014007659757310e-04 9.995483697085358887e-01 3.458687754751236243e-01
9.991522770377031515e-01 7.006911536244359029e-04 -4.116110098014472141e-02 -6.579590998327031204e-02 -7.398851658222335703e-04 9.999992873160130635e-01 -9.369839757969464569e-04 -7.564849785635527346e-03 4.116041582062086174e-02 9.666441313876629124e-04 9.991520834464667766e-01 4.885541124913648225e-01
9.984931423343023082e-01 4.601279804527921499e-04 -5.487470149060092589e-02 -7.852661896612495029e-02 -5.289161899024591440e-04 9.999990925212700610e-01 -1.239034111329042308e-03 -9.775582668384935614e-03 5.487408252762541322e-02 1.266191142015907559e-03 9.984924796689480520e-01 6.102155193147466017e-01
9.974730826432655073e-01 7.114695406889338936e-04 -7.104183996088742070e-02 -9.669745475363675236e-02 -7.956534949634785220e-04 9.999990144905136491e-01 -1.156700145914357075e-03 -1.168673777964185367e-02 7.104094822042263113e-02 1.210301893652732975e-03 9.974726658068204799e-01 7.503815538373435068e-01
9.959889050838485192e-01 3.032257143643600494e-04 -8.947630267125546155e-02 -1.325841765637325587e-01 -3.834556632864929981e-04 9.999995397445637924e-01 -8.794733106015518304e-04 -2.251671939696370250e-02 8.947599635876410384e-02 9.102557804542676240e-04 9.959885630736206030e-01 9.012522370894082702e-01
9.939865134751675324e-01 2.714555881100410087e-04 -1.095022236321402526e-01 -1.666229982182376168e-01 -3.709094079063727373e-04 9.999995370588092847e-01 -8.878678086945484757e-04 -2.766459213371250114e-02 1.095019338174952062e-01 9.231439401341931181e-04 9.939861541568815184e-01 1.061811449656168360e+00
9.913309105500982543e-01 3.406157078553921982e-04 -1.313883909880242951e-01 -2.037162542181707170e-01 -4.619197349846025646e-04 9.999994947951221791e-01 -8.927713574602962748e-04 -2.455949850358582487e-02 1.313880227920685428e-01 9.457226212491749023e-04 9.913305672463180729e-01 1.237803998156431939e+00
9.878176022605857920e-01 2.949391978324846474e-03 -1.555881907818082166e-01 -2.690384696088036764e-01 -3.298687141646364576e-03 9.999925855118058093e-01 -1.986854584200448137e-03 -3.517892674935298170e-02 1.555811798532700518e-01 2.475886573744893668e-03 9.878200074380473206e-01 1.415807974250265833e+00
9.834645851711744102e-01 5.447139503605924471e-03 -1.810186110818471916e-01 -3.450938571858105375e-01 -6.401733773878176548e-03 9.999685120949756145e-01 -4.689630716241221034e-03 -2.992153225375961123e-02 1.809873692400521539e-01 5.770918566711453687e-03 9.834684893217334745e-01 1.595568625916476080e+00
9.781093272651431025e-01 9.116101904884999982e-03 -2.078918939072146865e-01 -4.136758691891829209e-01 -1.033450980638472502e-02 9.999351945886456594e-01 -4.775411069605875122e-03 -4.757444356714289613e-02 2.078348918448322535e-01 6.819334791229175741e-03 9.781401512230532003e-01 1.760055761468663604e+00
9.714145096181009409e-01 1.019204659921668123e-02 -2.371707641624227481e-01 -4.990722717401157027e-01 -1.179765035343600423e-02 9.999160849831627562e-01 -5.351491567232025993e-03 -5.828730115003225021e-02 2.370963234190153757e-01 7.996574156116046522e-03 9.714532358869344408e-01 1.967889655197641474e+00
9.632909187118143812e-01 1.128930866651834536e-02 -2.682222134874996389e-01 -5.664095500186590026e-01 -1.311828896403549258e-02 9.999013116345807362e-01 -5.027674680204332301e-03 -5.465315938317737154e-02 2.681389887380650761e-01 8.361729689458282169e-03 9.633439498941104295e-01 2.137884362062244747e+00
9.540026468461726417e-01 1.186950530884728350e-02 -2.995631196888869363e-01 -6.910653547615764891e-01 -1.395528902890901500e-02 9.998909822685967397e-01 -4.824263089753371044e-03 -5.358031087267690895e-02 2.994732055566122764e-01 8.782849474491673941e-03 9.540642864382556931e-01 2.361925938272690040e+00
9.427446507942678355e-01 1.583469989788404211e-02 -3.331392851146608436e-01 -8.020223050456922742e-01 -1.795398561168955881e-02 9.998334216842943434e-01 -3.283796620174671450e-03 -6.759146218774989001e-02 3.330317991558632285e-01 9.076959399768535011e-03 9.428719064187790488e-01 2.545153961555703059e+00
9.302250402155407549e-01 1.754350616339151597e-02 -3.665700439351590179e-01 -8.843070683109967023e-01 -2.002398485684774715e-02 9.997951032674338157e-01 -2.965055453776293745e-03 -6.258632260753664578e-02 3.664429237958616858e-01 1.009836158621146493e-02 9.303857315593091482e-01 2.720772296368843435e+00
9.164490472826106737e-01 2.144800602483986490e-02 -3.995761797896477674e-01 -1.032250369620842489e+00 -2.437531447033271237e-02 9.997003565470129471e-01 -2.245264944240266125e-03 -6.849875003251020000e-02 3.994082998497666681e-01 1.179746568882630506e-02 9.166972417767396131e-01 2.930881551586326683e+00
9.004670950080425618e-01 2.237408926181538166e-02 -4.343482555304347126e-01 -1.178303524115016154e+00 -2.596054636794035975e-02 9.996602630742402740e-01 -2.325621775232714766e-03 -5.653480207733588281e-02 4.341486652225405862e-01 1.337006362745099194e-02 9.007420172753189958e-01 3.133039193952143808e+00
8.821617932423081454e-01 1.801227736133211715e-02 -4.706018741567687957e-01 -1.285405844177752055e+00 -2.194946727473593567e-02 9.997549345538813137e-01 -2.879542786531464650e-03 -5.301921686214286500e-02 4.704346869066335368e-01 1.286968274724240892e-02 8.823409664204727720e-01 3.289402963302242799e+00
8.611800718766411400e-01 1.403659790050896042e-02 -5.081061430594528971e-01 -1.468694823869846733e+00 -1.791690523895412071e-02 9.998357078120987396e-01 -2.746256883986571314e-03 -6.779883582615126025e-02 5.079841258691930594e-01 1.146871095739118024e-02 8.612900798248647183e-01 3.507980071923649579e+00
8.364217698016719327e-01 1.526604406755934819e-02 -5.478736761660866206e-01 -1.605090688984142533e+00 -1.855823652854578926e-02 9.998276692719676451e-01 -4.729189985852571415e-04 -8.035479745836038301e-02 5.477720505673268070e-01 1.056312861254637102e-02 8.365609402539432304e-01 3.670337275052181880e+00
8.078419291125582546e-01 2.147503460381210497e-02 -5.890078384436092662e-01 -1.816774882034840610e+00 -2.400297738172427892e-02 9.997056613595736163e-01 3.528139812858296746e-03 -6.820481077533603609e-02 5.889102477859642359e-01 1.128776211516198218e-02 8.081196156135853625e-01 3.868134265429436169e+00
7.758866435202954603e-01 2.366853005527603734e-02 -6.304281953465503685e-01 -2.041919154056803354e+00 -2.623296526576399113e-02 9.996420995987000957e-01 5.244453816720617834e-03 -7.623577639187664734e-02 6.303267042552253008e-01 1.246889882041559046e-02 7.762298499905222471e-01 4.019100605312680763e+00
7.401865875276401052e-01 2.356394717738809208e-02 -6.719885024959830755e-01 -2.211667081771947263e+00 -2.624319383534046840e-02 9.996366903280468064e-01 6.146721043174096198e-03 -6.898562205997280095e-02 6.718892152026401110e-01 1.308540356201396901e-02 7.405360647575116584e-01 4.171662227908079501e+00
7.009365511319917141e-01 2.056969536654100483e-02 -7.129269453389843747e-01 -2.484644523424431650e+00 -2.188562985389530535e-02 9.997336300150950761e-01 7.327227637976226927e-03 -9.324570414272549679e-02 7.128877741714976235e-01 1.046693302221049678e-02 7.012000244132470250e-01 4.354121411906720418e+00
6.589719661571949993e-01 1.735802991068301909e-02 -7.519671775476723941e-01 -2.714084718058654033e+00 -1.709448818136094853e-02 9.998210768502541201e-01 8.098937665877329467e-03 -8.717058081137654679e-02 7.519732278257308389e-01 7.517520548885409104e-03 6.591507885106229203e-01 4.499752617046851810e+00
6.145675985034144695e-01 1.709101742038457092e-02 -7.886789920642778284e-01 -2.941510993645289229e+00 -1.471780506912301160e-02 9.998396775315656626e-01 1.019830736936712737e-02 -8.276196537179057733e-02 7.887268622007306274e-01 5.340073746361851531e-03 6.147206128799096447e-01 4.626832485335879319e+00
5.667996005562234707e-01 1.766463492449781014e-02 -8.236662922942764586e-01 -3.255120059362661245e+00 -1.271368031249889979e-02 9.998385984942828042e-01 1.269406610812186254e-02 -7.469344945418469883e-02 8.237576016170132798e-01 3.276837625982602017e-03 5.669327019262440093e-01 4.779293083772487627e+00
5.162508026395149496e-01 1.875306380382414997e-02 -8.562321052376812291e-01 -3.545331277785084279e+00 -1.179442291138103373e-02 9.998211068841700300e-01 1.478667760812894111e-02 -7.525056890633159690e-02 8.563562415414349704e-01 2.465128643927758795e-03 5.163796316940514330e-01 4.909523255609315129e+00
4.640530563220437998e-01 1.957723113614369057e-02 -8.855910335850479820e-01 -3.838592055267439740e+00 -1.036074313041731275e-02 9.998073132677051111e-01 1.667307266023856233e-02 -7.663051706230521176e-02 8.857468198741434984e-01 1.438190127614761421e-03 4.641664753633572005e-01 4.973291752349100037e+00
4.097581283421543041e-01 2.151648603122711251e-02 -9.119404049311636840e-01 -4.201835116631825073e+00 -9.062167679550771002e-03 9.997684579909134062e-01 1.951685253816483334e-02 -6.879215118560534636e-02 9.121492022953024970e-01 2.669671015332331088e-04 4.098582394089709813e-01 5.117514046239474368e+00
3.549917579474200502e-01 2.383190882091602847e-02 -9.345656083479687570e-01 -4.528337775815978183e+00 -9.384506814058377056e-03 9.997154935422131183e-01 2.192858892544523319e-02 -6.262085970434316806e-02 9.348223347135639072e-01 9.859681829923697821e-04 3.551144125253319905e-01 5.147687640498691763e+00
2.997739838554344116e-01 2.655215931199082086e-02 -9.536406688454616143e-01 -4.926159763658567670e+00 -7.533939236260516273e-03 9.996473284374238766e-01 2.546484852335940963e-02 -5.806239389660702854e-02 9.539805101332692328e-01 -4.490290696168297568e-04 2.998683057931318396e-01 5.237346372490074842e+00
2.461523774791526675e-01 2.818245636418922548e-02 -9.688213145953037397e-01 -5.307267909775976733e+00 -4.422493300176364231e-03 9.995994237971295160e-01 2.795413194074227239e-02 -5.231385949387477863e-02 9.692210607193947336e-01 -2.596371125854249860e-03 2.461784127829110269e-01 5.292800466438697171e+00
1.958384600184003843e-01 2.927065498630890272e-02 -9.801992192494290990e-01 -5.664039781326122736e+00 -1.693828164291595606e-03 9.995630358593571296e-01 2.951047743854207095e-02 -6.615005248332125887e-02 9.806347153267270800e-01 -4.118998292953025137e-03 1.958024664741470910e-01 5.310147956930943103e+00
1.478877022910799199e-01 3.017566939869820858e-02 -9.885436962280793605e-01 -6.117846393232309055e+00 -2.409823122299136269e-03 9.995424534295762609e-01 3.015089607637482655e-02 -5.474749338345089034e-02 9.890012320483723141e-01 -2.076732151909260748e-03 1.478927561978530536e-01 5.339346751980625250e+00
1.054741030664181067e-01 3.023849696146193103e-02 -9.939621872199982944e-01 -6.519506086266021683e+00 -3.449589514603505075e-03 9.995426782813153777e-01 3.004221393495454598e-02 -3.928980721044143809e-02 9.944160753366817485e-01 2.600851251771865019e-04 1.055301792696483332e-01 5.329098143868553628e+00
6.695439941296302266e-02 2.973726208193902543e-02 -9.973127825926733081e-01 -6.993558749875409042e+00 -5.757758322283389185e-03 9.995506302053298597e-01 2.941744162517483455e-02 -3.612965193683333187e-02 9.977394317954989544e-01 3.772658026367382150e-03 6.709553349999723693e-02 5.338949266158299345e+00
3.245732444782534198e-02 2.773240478732432596e-02 -9.990882936374665402e-01 -7.456146682097143596e+00 -5.169702167475410254e-03 9.996062635489356696e-01 2.757883336951411080e-02 -2.269186374910846238e-02 9.994597608301503122e-01 4.269852971326433544e-03 3.258791449494991693e-02 5.341093791942165048e+00
1.014703658937063380e-03 2.460502342489878300e-02 -9.996967269592915706e-01 -7.904666506311547991e+00 -4.386809433760846880e-03 9.996877406282996814e-01 2.460034832803056903e-02 -3.187172692469110447e-02 9.999898717446281671e-01 4.360516171899435703e-03 1.122325763290136147e-03 5.303340493361900165e+00
-2.590885442386660353e-02 2.323778971204333577e-02 -9.993941760565641097e-01 -8.416947648166720697e+00 -4.086273286029361296e-03 9.997189706649044494e-01 2.335127536073886706e-02 -1.448669013089216862e-02 9.996559663063679935e-01 4.688801727523094973e-03 -2.580661591081911954e-02 5.258006656763932973e+00
-4.686113205481116928e-02 2.133986229445108268e-02 -9.986734338006325595e-01 -8.916781579995753049e+00 -4.203635841633865736e-03 9.997587123385393015e-01 2.156030027346157035e-02 -9.200607815546532620e-03 9.988925773526371454e-01 5.208398737447958969e-03 -4.676011862754408943e-02 5.216554449762899281e+00
-6.338015502683248814e-02 1.947167286740170838e-02 -9.977994752242692611e-01 -9.461228257146867548e+00 -4.939522059445273366e-03 9.997912773646688844e-01 1.982429894761407463e-02 5.381623466960694380e-04 9.979772414259246993e-01 6.185118891027207612e-03 -6.327074399342264011e-02 5.177236823082554729e+00
-7.664331798401635698e-02 2.005562359807144118e-02 -9.968568386058912489e-01 -9.991245584163660709e+00 -4.046152857070096226e-03 9.997831885479258052e-01 2.042558550864222167e-02 8.105906690123051983e-03 9.970503737402366395e-01 5.598919018875408125e-03 -7.654555131465649864e-02 5.119436838703613546e+00
-8.630713270760527467e-02 2.082829164574208358e-02 -9.960508240332809349e-01 -1.054693755974859748e+01 -3.511837993976904548e-03 9.997688676026105226e-01 2.121033626310196360e-02 8.956373929309535686e-03 9.962623967329538033e-01 5.328571661233874775e-03 -8.621403734659342788e-02 5.058826260728100266e+00
-9.354217658704645777e-02 2.193952302673213631e-02 -9.953735487287590500e-01 -1.112165273215421379e+01 -4.639798112939871530e-03 9.997367122312409426e-01 2.247172645311969891e-02 1.274250431706892839e-02 9.956045152401883369e-01 6.720385757359362451e-03 -9.341575171893483354e-02 5.011447001239446308e+00
-9.752587768744691576e-02 2.275108167230114123e-02 -9.949729013715405967e-01 -1.172057798401512940e+01 -6.572986420311392741e-03 9.997021464408337721e-01 2.350349449295054821e-02 3.208822622607043762e-02 9.952112922976450449e-01 8.832141558256496536e-03 -9.734728530784350631e-02 4.920897111415500014e+00
-9.930084056015407723e-02 2.386105540211543030e-02 -9.947713184990301105e-01 -1.233181613509119323e+01 -4.857562984580577822e-03 9.996889123228600571e-01 2.446390522692847708e-02 3.106933238440836437e-02 9.950456092202453195e-01 7.261449932224537697e-03 -9.915404131387933750e-02 4.869780484695880318e+00
-9.825943285186836129e-02 2.596918585040294825e-02 -9.948219279086006894e-01 -1.294426052398774729e+01 -2.536078832827205407e-03 9.996496748189753756e-01 2.634570043098126424e-02 3.855381884186887681e-02 9.951576103536107221e-01 5.111659639727299947e-03 -9.815914879623550970e-02 4.810198904569167766e+00
-9.693187024589121348e-02 2.790862175550754692e-02 -9.948996453731152600e-01 -1.358535434539441589e+01 -2.908390930375872110e-03 9.995945729588437967e-01 2.832368205980552098e-02 4.527041958814483069e-02 9.952867783108387822e-01 5.639023806254779038e-03 -9.681140086236206255e-02 4.743784892618449156e+00
-9.562801387058696145e-02 2.778427000184886461e-02 -9.950292962011273445e-01 -1.424619442637656697e+01 -3.367977629972750478e-03 9.995956260990513931e-01 2.823545649094146015e-02 6.153564982496625979e-02 9.954114510994350740e-01 6.051336266064625234e-03 -9.549576619783230191e-02 4.680910380604070831e+00
-9.389760198029177551e-02 2.642326511153408539e-02 -9.952311462111292917e-01 -1.489488692639948830e+01 -6.826710129246418846e-03 9.996071487155427926e-01 2.718352931152633045e-02 6.642943798385798904e-02 9.955584632074675477e-01 9.346622023743814817e-03 -9.368032881545948487e-02 4.626657688564787207e+00
-9.241267231481339883e-02 2.599779534639612769e-02 -9.953813317573314556e-01 -1.559617959791309794e+01 -8.065790446294768268e-03 9.996067450983651126e-01 2.685699501422543489e-02 8.005289254106000285e-02 9.956881330594730128e-01 1.051046318768413326e-02 -9.216663640938095592e-02 4.535974893285504628e+00
-9.043047380386860790e-02 2.788457273349258594e-02 -9.955123118183102360e-01 -1.629447118887349433e+01 -7.058373493023869724e-03 9.995648915687644909e-01 2.863925464063874979e-02 9.394852462495957568e-02 9.958777666311607879e-01 9.616558342297569506e-03 -9.019430561298112659e-02 4.462991438674779765e+00
-8.902296327466512060e-02 3.195672393062320982e-02 -9.955167817638879146e-01 -1.699961747202450013e+01 -6.624379951650678083e-03 9.994440709400574940e-01 3.267516868573461242e-02 1.137666453503173719e-01 9.960075536367979376e-01 9.503521010408168268e-03 -8.876177794027279022e-02 4.403306761940084080e+00
-8.684722631039067109e-02 3.310314077420937334e-02 -9.956714941749197356e-01 -1.774298081211746236e+01 -6.291021955993812698e-03 9.994096229529584319e-01 3.377615410084665315e-02 1.086074765096325667e-01 9.962017866025338897e-01 9.197155783725735612e-03 -8.658769971478262606e-02 4.333920509696921108e+00
-8.511740983576519815e-02 3.306697177860498660e-02 -9.958220648650011331e-01 -1.848647146440844224e+01 -8.729394921416137529e-03 9.993860385240947997e-01 3.393145540721601017e-02 1.260017079073110224e-01 9.963326961986935792e-01 1.158108094733119146e-02 -8.477649496855094169e-02 4.269106089849719510e+00
-8.331032759225656670e-02 3.109634531215389047e-02 -9.960383474378333712e-01 -1.922598546866628766e+01 -1.124078222677038844e-02 9.994200963211973265e-01 3.214212017450279041e-02 1.352998618838639477e-01 9.964602608438182241e-01 1.387402001189985516e-02 -8.291246698015385108e-02 4.182416045584019137e+00
-8.197174864373869829e-02 3.042984207271733077e-02 -9.961699855302439399e-01 -1.999125133659289588e+01 -1.329865574451626759e-02 9.994113875100318900e-01 3.162316050398317202e-02 1.453216845153215142e-01 9.965459324539743813e-01 1.583992678064028228e-02 -8.151882165373885991e-02 4.122246095338822691e+00
-8.059406363931820305e-02 3.171847261011892516e-02 -9.962421986305921573e-01 -2.077969625086720740e+01 -1.016796232722723230e-02 9.994153830871125299e-01 3.264206784921983018e-02 1.679858442594281132e-01 9.966951523720257722e-01 1.276050932444883559e-02 -8.022443335063436654e-02 4.053207479478571962e+00
-7.936871980813636762e-02 3.422760706209150572e-02 -9.962575270275209061e-01 -2.153822348676537501e+01 -7.308690567086988110e-03 9.993635053267151402e-01 3.491657569606491235e-02 1.771447749192834875e-01 9.968185425011929501e-01 1.005262116278544775e-02 -7.906804164983757821e-02 4.001629004517101684e+00
-7.797695651664346417e-02 3.505389991925587923e-02 -9.963386980721086195e-01 -2.237549357928595128e+01 -6.908160817122087002e-03 9.993386713152446754e-01 3.570010254329145788e-02 2.094955698098181496e-01 9.969312357853133966e-01 9.666652553411463761e-03 -7.768322873833358178e-02 3.933290820993226689e+00
-7.713467805323767634e-02 3.173272659277363156e-02 -9.965155585444209763e-01 -2.318437069110813908e+01 -6.098978428020476392e-03 9.994596566308603380e-01 3.229856381299953810e-02 2.189913541302312971e-01 9.970020367195319144e-01 8.569065463305304553e-03 -7.689946022423205241e-02 3.851013007566125967e+00
-7.676339542265862848e-02 2.534257419693012811e-02 -9.967272033839745804e-01 -2.396950501622261598e+01 -4.606180449402289337e-03 9.996572394953178176e-01 2.577181839275669017e-02 2.149814441007027455e-01 9.970387061416953189e-01 6.569436876983513265e-03 -7.662035009076371972e-02 3.789245884938981401e+00
-7.692284712178856787e-02 2.053549432777130104e-02 -9.968255373783920792e-01 -2.481433863136408391e+01 -3.155938955502070320e-03 9.997778456706244432e-01 2.083985011859779482e-02 2.200278819903437599e-01 9.970320621523873772e-01 4.748980369976335027e-03 -7.684094821008052856e-02 3.731833630946740588e+00
-7.746279614264812985e-02 2.124094400866400820e-02 -9.967689403369495160e-01 -2.560915114315756114e+01 -3.681743769136967132e-03 9.997601121422258208e-01 2.159080661220819444e-02 2.245979728288657884e-01 9.969884539430130532e-01 5.342331311574056996e-03 -7.736600864355101803e-02 3.653588237320913201e+00
-7.755864006194727878e-02 2.814283811198944885e-02 -9.965904981133179019e-01 -2.646846738406019739e+01 -2.356456356091501600e-03 9.995935476650542606e-01 2.841102903359282034e-02 2.458036073036489744e-01 9.969850158273795282e-01 4.551942001253136277e-03 -7.746079739955968879e-02 3.585232655957178327e+00
-7.789863174498372345e-02 3.455877254771292512e-02 -9.963621215876342641e-01 -2.732705665847350218e+01 -3.608203745900141063e-03 9.993827010150312384e-01 3.494564015235257504e-02 2.633686478690389632e-01 9.969547639469570344e-01 6.317294317407630769e-03 -7.772584850350477970e-02 3.520179754466389088e+00
-7.808902427217659370e-02 3.984705215710133280e-02 -9.961497375652027531e-01 -2.816332671020029821e+01 -3.777577232914811414e-03 9.991819166023443444e-01 4.026446856269456920e-02 2.905783951503608797e-01 9.969392416374948107e-01 6.907244858518048203e-03 -7.787461421790362048e-02 3.438953399357409957e+00
-7.841836309386507331e-02 4.086181707351671522e-02 -9.960827551796209711e-01 -2.899547643588173074e+01 -4.516656565861353403e-03 9.991348203153161966e-01 4.134260067775084868e-02 2.948892063694330545e-01 9.969103156557677092e-01 7.740982020937572407e-03 -7.816595692192403189e-02 3.365927946929895054e+00
-7.906837036531655372e-02 3.832006448051638453e-02 -9.961323950143675665e-01 -2.982296435862094341e+01 -5.139611212492541450e-03 9.992319425268579858e-01 3.884725753494264189e-02 2.982263890233831649e-01 9.968559547503025309e-01 8.191321812466272750e-03 -7.881068967690613158e-02 3.303253414093044515e+00
-7.939164969231109203e-02 3.533592198006370311e-02 -9.962170052284383681e-01 -3.067522251589531379e+01 -5.556640952977757314e-03 9.993403150646674726e-01 3.588953076639395806e-02 3.132848329756421912e-01 9.968280227886509026e-01 8.384948506952941139e-03 -7.914292578352932761e-02 3.225178759390493699e+00
-7.916184074077249611e-02 3.721176963138290300e-02 -9.961669890644565539e-01 -3.152909146712975286e+01 -7.313207834974508326e-03 9.992544626741620695e-01 3.790825516063611039e-02 3.248717301121717416e-01 9.968349598995623895e-01 1.028606274668396846e-02 -7.883068382621158388e-02 3.156772994332759374e+00
-7.935582212942519920e-02 3.787055979166420450e-02 -9.961267274433723840e-01 -3.235257348842984726e+01 -7.401647513681341300e-03 9.992281744192217374e-01 3.857811624292948466e-02 3.576536982888037786e-01 9.968188834609003068e-01 1.043437630661491269e-02 -7.901426733889814480e-02 3.066441490749880927e+00
-7.905582693127681526e-02 3.714978908857321377e-02 -9.961777212569498108e-01 -3.318511711110101459e+01 -8.277168369256248520e-03 9.992464555253794956e-01 3.792109700395877858e-02 3.713540316705919442e-01 9.968358350441698379e-01 1.124341367468858349e-02 -7.868875838834407666e-02 2.998725129358621899e+00
-7.857071836832850431e-02 3.258330129815597415e-02 -9.963759097925041219e-01 -3.403429347462572707e+01 -9.233555946214468818e-03 9.993990664728110707e-01 3.341028850387983001e-02 3.700241188865497910e-01 9.968657888483817286e-01 1.182516235201837990e-02 -7.822264145213879416e-02 2.929361303696363272e+00
-7.859974509246997476e-02 2.897902056706437579e-02 -9.964849619329080310e-01 -3.484806849781598004e+01 -1.147354036249247262e-02 9.994849080730546786e-01 2.997125978325910350e-02 3.794655706556860908e-01 9.968402355738714693e-01 1.378894310787678185e-02 -7.822676563486284651e-02 2.849287431433511042e+00
-7.782871477752469069e-02 2.913948588663440795e-02 -9.965407991825215861e-01 -3.567658663834273369e+01 -1.186245297994714155e-02 9.994749400086768709e-01 3.015172485669762037e-02 3.876467767111190232e-01 9.968961784871531728e-01 1.416808766751893010e-02 -7.744218285066296892e-02 2.776275819052492100e+00
-7.745793575645226747e-02 3.111701801827217520e-02 -9.965099007512420171e-01 -3.648646652317228245e+01 -1.065924854449496785e-02 9.994298516414936717e-01 3.203673005029301912e-02 3.901708358118424202e-01 9.969386470222383334e-01 1.310354497668056624e-02 -7.708208781082295791e-02 2.709297877048510106e+00
-7.709308557027128028e-02 3.562576457910175687e-02 -9.963871958106911286e-01 -3.734558931355757494e+01 -1.217896942942042759e-02 9.992531926755470195e-01 3.667055541427395593e-02 4.307537082956581775e-01 9.969495203763557578e-01 1.496201476738269302e-02 -7.660162538969632340e-02 2.640531487061039684e+00
-7.649709148267480607e-02 4.108684980467466885e-02 -9.962228910696612205e-01 -3.818097398958172306e+01 -8.509031441308583660e-03 9.990873201696824912e-01 4.185836894826554938e-02 4.435237906576151579e-01 9.970335043006682829e-01 1.167893465053177621e-02 -7.607766343065570924e-02 2.581561180714002646e+00
-7.652592573372084261e-02 4.360541516836680120e-02 -9.961136146970970273e-01 -3.901652765590958438e+01 -7.917684592353129575e-03 9.989851494700726642e-01 4.433938876682787245e-02 4.484350838995958544e-01 9.970361629754636024e-01 1.128002545484171025e-02 -7.610300803065429831e-02 2.504430564417849059e+00
-7.636741457653682674e-02 4.412920655397749997e-02 -9.961027125984993624e-01 -3.984676105431425697e+01 -7.650280696252670723e-03 9.989647750528248826e-01 4.484251771651806551e-02 4.674119822534260615e-01 9.970504042002893419e-01 1.104497175590328506e-02 -7.595075490373427718e-02 2.433241580550907113e+00
-7.633371222326171268e-02 4.086610062062804444e-02 -9.962445026803112835e-01 -4.065668543119905820e+01 -8.122958561551828910e-03 9.991010888711061577e-01 4.160566970017612332e-02 4.774427629291225772e-01 9.970492461469292467e-01 1.126836729566624631e-02 -7.593313995514540393e-02 2.372230010048848925e+00
-7.573125345916911777e-02 3.661915578750551958e-02 -9.964556174734591210e-01 -4.150261942969662243e+01 -1.083535112472671334e-02 9.992361986612500191e-01 3.754483254173270751e-02 4.829160621567404887e-01 9.970694006614173599e-01 1.364026301501017682e-02 -7.527662701328190209e-02 2.286972280902751287e+00
-7.566391493765943499e-02 3.374170414091810788e-02 -9.965623173140462088e-01 -4.233521700187372261e+01 -1.411609875570449951e-02 9.992909072504629897e-01 3.490585124241742110e-02 5.031855298397472920e-01 9.970334623527598028e-01 1.670868476707595973e-02 -7.513395957462641606e-02 2.222638788881463601e+00
-7.592099851804458288e-02 3.177911128573016053e-02 -9.966072812203751186e-01 -4.316093343978234742e+01 -1.612291925920183305e-02 9.993221923874138213e-01 3.309391621924237525e-02 5.152006334965090195e-01 9.969834857090065228e-01 1.858074123156704116e-02 -7.535716524058573562e-02 2.150461142047009222e+00
-7.674414699160214681e-02 2.991238162742407627e-02 -9.966020109557894857e-01 -4.397957677799897169e+01 -1.602512773883761621e-02 9.993837544273552753e-01 3.122990046615559123e-02 5.384549102389346587e-01 9.969220373230860410e-01 1.836738594084127291e-02 -7.621750261314105823e-02 2.076844172857892357e+00
-7.754098926064766084e-02 2.594753142241439103e-02 -9.966514453461837730e-01 -4.479509124949024113e+01 -1.322867598900392093e-02 9.995464898361009487e-01 2.705211268790034401e-02 5.494468941041126264e-01 9.969014065758611265e-01 1.528202593701482627e-02 -7.716257074699381380e-02 2.014911489778490328e+00
-7.825275188255426118e-02 2.519222348368070630e-02 -9.966151923456483264e-01 -4.563048090900301901e+01 -1.094062358281598472e-02 9.995987691349788040e-01 2.612668192659867161e-02 5.430515690827399933e-01 9.968735260277737931e-01 1.294807572702675810e-02 -7.794573442776996097e-02 1.958410572610155942e+00
-7.978640808015642627e-02 2.809572757324167031e-02 -9.964159483378645099e-01 -4.646380719224393374e+01 -9.666320839521578070e-03 9.995338995335734111e-01 2.895765752064910839e-02 5.558260341090238699e-01 9.967651221034995457e-01 1.194210300754894490e-02 -7.947763587989818690e-02 1.884617940908234202e+00
-8.172627139063469437e-02 3.336911386921122269e-02 -9.960960303813585215e-01 -4.728484090961687514e+01 -6.055024992555634034e-03 9.994042817135848633e-01 3.397673260254541194e-02 5.693407137438674104e-01 9.966364284682140973e-01 8.808177277708188410e-03 -8.147553333599162617e-02 1.808530214531713698e+00
-8.370151627195991650e-02 3.724224302907986478e-02 -9.957946848912679894e-01 -4.810928936496925701e+01 -5.100421497867961215e-03 9.992722695880994488e-01 3.780101746095548138e-02 5.918901064199973971e-01 9.964778267400297151e-01 8.242974337934383736e-03 -8.345065159409571776e-02 1.740946352261420138e+00
-8.527508314792234256e-02 3.676580923795922523e-02 -9.956788731420155303e-01 -4.888906822651141226e+01 -4.542168503477033575e-03 9.992942258543490164e-01 3.728832078751460888e-02 5.897662848603316688e-01 9.963471012690763295e-01 7.702305109969067275e-03 -8.504790029643656546e-02 1.657788312465159786e+00
-8.684287130104527408e-02 3.383953010329767558e-02 -9.956471186453180744e-01 -4.970558316483958805e+01 -5.332223729743585522e-03 9.993928206033119155e-01 3.443192571363987153e-02 5.891877882392236865e-01 9.962077596563796433e-01 8.299179730936360327e-03 -8.660970075209906138e-02 1.591802338421914875e+00
-8.784910765499392982e-02 3.010802695026438755e-02 -9.956786750545905118e-01 -5.049441090062226323e+01 -9.642162414031825446e-03 9.994705955058406088e-01 3.107341992668556652e-02 5.910308656167868602e-01 9.960871348888423737e-01 1.233026699434426263e-02 -8.751229205629011687e-02 1.491216712408381717e+00
-8.875159983277214337e-02 2.851268895894379374e-02 -9.956456011348352453e-01 -5.128930746693020382e+01 -1.366031596791873921e-02 9.994613508261870338e-01 2.983963780107351527e-02 6.058309207881529268e-01 9.959601229944401446e-01 1.624914841911608357e-02 -8.831430011674513969e-02 1.399069476738884266e+00
-9.044275369733331682e-02 2.917406505011468226e-02 -9.954742413563829606e-01 -5.207182175699924898e+01 -1.458710475750379237e-02 9.994247994487739373e-01 3.061513734409962786e-02 6.189384266377164767e-01 9.957948292573214344e-01 1.729000369997934355e-02 -8.996516443289995224e-02 1.327716332376676300e+00
-9.117437716253515290e-02 3.040272637369504857e-02 -9.953707300069296604e-01 -5.286704648484715818e+01 -1.507898497200137536e-02 9.993771118910393936e-01 3.190630742550242677e-02 6.203300222725053326e-01 9.957207813724677781e-01 1.791821732316335736e-02 -9.065914207355287024e-02 1.250646616590563198e+00
-9.181812494795275892e-02 3.034601199858038070e-02 -9.953132845823958741e-01 -5.365090534135614320e+01 -1.475335743990002953e-02 9.993843690629999887e-01 3.183113773000783436e-02 6.330365271760334256e-01 9.956665042422723211e-01 1.760688736749497704e-02 -9.131389190831133706e-02 1.170454417698143068e+00
-9.247500219720342085e-02 3.020587749339447362e-02 -9.952567316606130143e-01 -5.444002943075263801e+01 -1.500724631439680733e-02 9.993839464046054832e-01 3.172554553995716314e-02 6.386571952920334638e-01 9.956019153357292817e-01 1.786988214829168808e-02 -9.196472419659811048e-02 1.090386040313263027e+00
-9.315043979508276506e-02 3.187380365895613882e-02 -9.951417181453622307e-01 -5.522567790577413405e+01 -1.457885075756627617e-02 9.993366360038828944e-01 3.337281920636909344e-02 6.465061478502550640e-01 9.955453128657558715e-01 1.761671471104753195e-02 -9.262396232106936966e-02 1.016718686770674118e+00
-9.359419932544447984e-02 3.411797352491381663e-02 -9.950256643556878444e-01 -5.600673012986907651e+01 -1.402163799085366647e-02 9.992683772748971460e-01 3.558235312839048287e-02 6.565079541034325450e-01 9.955116959696889145e-01 1.728219083709240170e-02 -9.304733240895851631e-02 9.402548747032896115e-01
-9.313899231932845635e-02 3.876082597461216056e-02 -9.948983412758960476e-01 -5.677702513788447902e+01 -1.483601155846569347e-02 9.990769707984028525e-01 4.031251897723926725e-02 6.751511432699385251e-01 9.955425848064575201e-01 1.851499002274449926e-02 -9.247796484756146129e-02 8.610198778992402824e-01
-9.389466229813277220e-02 4.060802028217101040e-02 -9.947536197874815578e-01 -5.753135821701245334e+01 -1.478159193609797882e-02 9.990008189793554427e-01 4.217663122419752775e-02 6.815123024247280448e-01 9.954724075647385373e-01 1.866420196721423758e-02 -9.320059194857713281e-02 7.806326316730294312e-01
-9.448842893996300951e-02 4.058461195231063967e-02 -9.946983507936111302e-01 -5.828957182008285542e+01 -1.439927239494339511e-02 9.990084427936612999e-01 4.212828246871831717e-02 6.951130465687626048e-01 9.954218276896263928e-01 1.830356706199043684e-02 -9.381034797492560084e-02 7.067917782038081187e-01
-9.475840961959115794e-02 3.943032974704235166e-02 -9.947190939681355148e-01 -5.902949731669888678e+01 -1.391456597671716922e-02 9.990651996512083244e-01 4.092812849457656832e-02 7.091168880707965361e-01 9.954030570325201888e-01 1.771936815537372006e-02 -9.412117210068046691e-02 6.333058436179805906e-01
-9.516129441664784860e-02 3.613988743605935777e-02 -9.948056189938898619e-01 -5.975442023430071714e+01 -1.302045056853201946e-02 9.992100931696912269e-01 3.754540689252630625e-02 7.032320315181568304e-01 9.953767192380372775e-01 1.652568622733298354e-02 -9.461556684268304651e-02 5.441944459171258464e-01
-9.464758653441715519e-02 3.368207836310137260e-02 -9.949408700803119565e-01 -6.045574295736516746e+01 -1.335932977021567908e-02 9.992944990748049428e-01 3.510031956715210094e-02 7.241105360297258597e-01 9.954212073094027557e-01 1.661390304197176565e-02 -9.413084118288059243e-02 4.844324956493770706e-01
-9.368534004414195981e-02 3.121587814830988072e-02 -9.951123599881200876e-01 -6.118161981410950290e+01 -1.361967391398061049e-02 9.993746391352750225e-01 3.263181185801405926e-02 7.263344727997906869e-01 9.955087035455815192e-01 1.661022756559779601e-02 -9.320160141816880017e-02 4.117808350889953228e-01
-9.123385841686801334e-02 3.033815725080336173e-02 -9.953672499483132707e-01 -6.189888587237413731e+01 -1.632905815485927864e-02 9.993558669948461315e-01 3.195642311459997997e-02 7.295231827702456373e-01 9.956956172613135037e-01 1.916891684010097255e-02 -9.067969674405197689e-02 3.286677007362566738e-01
-8.759814002522565979e-02 3.080489722444777409e-02 -9.956794700764477479e-01 -6.256106692013825921e+01 -1.654545217959357134e-02 9.993388755447557559e-01 3.237375252800393094e-02 7.436498816614767193e-01 9.960184893753546431e-01 1.930984691403175857e-02 -8.703054439885896110e-02 2.736853960989484302e-01
-8.196913400793880145e-02 3.267802686871747186e-02 -9.960989863300040437e-01 -6.321652628275096220e+01 -1.735415115799825159e-02 9.992639861412698776e-01 3.420993210164138820e-02 7.469843978094022896e-01 9.964837739858476429e-01 2.009061023935405227e-02 -8.134170277092603318e-02 2.138755851336923697e-01
-7.415213451071973882e-02 3.353774041180568322e-02 -9.966828301027507164e-01 -6.388539490289136324e+01 -1.659407115040465591e-02 9.992544706450984249e-01 3.485885414138607807e-02 7.567457086755866591e-01 9.971088782424715191e-01 1.912388358081699297e-02 -7.354032286550743480e-02 1.553424923254683732e-01
-6.532372074961700914e-02 3.444420528093076334e-02 -9.972694676479090248e-01 -6.452195663502469358e+01 -1.753728258991662722e-02 9.992100932540661784e-01 3.565996737833421887e-02 7.746311102757656997e-01 9.977100142601300625e-01 1.981883757017983624e-02 -6.466806193789660651e-02 1.126459811109580406e-01
-5.399548214406941354e-02 3.682716389537229323e-02 -9.978618294847055870e-01 -6.512686159188291413e+01 -2.002455681578974717e-02 9.990787694149233511e-01 3.795562733884087075e-02 7.746208644893358697e-01 9.983403840207005775e-01 2.203117266070271987e-02 -5.320829081537378769e-02 7.372782433538030422e-02
-3.880988543617566733e-02 3.824357032103774950e-02 -9.985144990992080860e-01 -6.572700008969690089e+01 -2.243610919806282578e-02 9.989820764095145300e-01 3.913351554125841375e-02 7.847880894054884982e-01 9.989947102622871444e-01 2.392154697030135155e-02 -3.791234161425551669e-02 4.801226126087670271e-02
-2.045305472726846249e-02 3.904053237354138117e-02 -9.990282739387473798e-01 -6.632445973471862999e+01 -2.368392555826743379e-02 9.989379823172468420e-01 3.952188227371592616e-02 7.947591849920706553e-01 9.995102608525893162e-01 2.446925387148624065e-02 -1.950669875414186641e-02 4.154186990391358497e-02
1.532847533735687100e-03 3.990809619409356468e-02 -9.992021702050561949e-01 -6.687937113319944160e+01 -2.467511400452744585e-02 9.989006271123176406e-01 3.985819777259022589e-02 7.954895290911943029e-01 9.996943565056095604e-01 2.459433030112279789e-02 2.515900591132621319e-03 5.716685738904286884e-02
2.705281684949304918e-02 4.045770927806363604e-02 -9.988149485974945341e-01 -6.742239607249217670e+01 -2.538191100110139334e-02 9.988863081619060447e-01 3.977313148902830026e-02 8.095520799952845570e-01 9.993117236108999268e-01 2.427585626241757569e-02 2.804958372898209290e-02 8.251225510323260959e-02
5.595706993548518055e-02 4.046072110307437353e-02 -9.976130106671208253e-01 -6.793237736148955719e+01 -2.561715834620239066e-02 9.989078038995186093e-01 3.907634240735476799e-02 8.072390732262382240e-01 9.981044958774116793e-01 2.336941219957717336e-02 5.693244394414428977e-02 1.237334257564578488e-01
9.054381979432184202e-02 4.055972011923231202e-02 -9.950661829839441141e-01 -6.844368458951046819e+01 -2.289698425649530980e-02 9.989909756064905277e-01 3.863623677654574873e-02 8.099778545887987846e-01 9.956292291018415952e-01 1.928574158879822406e-02 9.138115554428093146e-02 1.853375766332895080e-01
1.278173587774222297e-01 4.047677000398870045e-02 -9.909714106316219739e-01 -6.892693576150955437e+01 -2.290775663734960499e-02 9.990207939566190243e-01 3.785086461893133469e-02 8.274346781846293464e-01 9.915331433290810459e-01 1.786293367621359651e-02 1.286194326380867003e-01 2.778886001023965213e-01
1.677436820899304570e-01 4.043612755561171168e-02 -9.850009947499250851e-01 -6.937395490283752508e+01 -2.334833216335943651e-02 9.990411232639238026e-01 3.703632593458646566e-02 8.260615043688955828e-01 9.855541228580750879e-01 1.678552002469904658e-02 1.685269540988674208e-01 3.844313092406006493e-01
2.133363478174518657e-01 4.096154433173488513e-02 -9.761197353676610566e-01 -6.981274121368376484e+01 -2.134615555155754130e-02 9.990776058155623751e-01 3.725961919382801690e-02 8.398927100884020502e-01 9.767455966424045677e-01 1.288757189678573986e-02 2.140139404815943613e-01 5.017471703791404058e-01
2.596296903399826772e-01 4.000684201460086298e-02 -9.648791945057414443e-01 -7.023207179205276418e+01 -1.806986497683093010e-02 9.991678460966261222e-01 3.656631402678636733e-02 8.470868163166844766e-01 9.655391859754082207e-01 7.941535205323847768e-03 2.601365580715354620e-01 6.762932659651885725e-01
3.104475538043339200e-01 3.546619374805952407e-02 -9.499286548872682978e-01 -7.066299427055672311e+01 -1.054529013216866200e-02 9.993707534508413648e-01 3.386582355955329582e-02 8.330091627223568107e-01 9.505320238768879548e-01 -4.962896474519137152e-04 3.106262083933813423e-01 8.435184700174485073e-01
3.600821255473089511e-01 3.069374229044076821e-02 -9.324155412145423982e-01 -7.103545221212924332e+01 -4.725127566162034762e-03 9.995058091389430466e-01 3.107749443395382144e-02 8.211167888696453421e-01 9.329086507395430994e-01 -6.784668755342138438e-03 3.600492094131525489e-01 1.066965869303439618e+00
