9.999999999999998890e-01 0.000000000000000000e+00 3.049318610115481221e-19 0.000000000000000000e+00 1.734723475976807094e-18 1.000000000000000000e+00 0.000000000000000000e+00 1.387778780781445676e-17 -2.032879073410320814e-20 0.000000000000000000e+00 1.000000000000000000e+00 0.000000000000000000e+00
9.998973662975914056e-01 3.259611218647331943e-04 1.432308054999807158e-02 -1.063198774851256273e-01 -3.223527553694715414e-04 9.999999157269711114e-01 -2.542349355820257978e-04 -1.261353007584195551e-02 -1.432316246192263769e-02 2.495917733567965327e-04 9.998973870875107473e-01 3.280998417853953075e-03
9.996013013196032304e-01 1.505714459150288981e-03 2.819523447542674963e-02 -1.406983264128219002e-01 -1.497308429710481753e-03 9.999988280750301550e-01 -3.192473778952263294e-04 -1.853729400105937064e-02 -2.819568261673912127e-02 2.769031597463231589e-04 9.996023843411735443e-01 -3.065205032420781350e-02
9.987075896347593629e-01 1.960047834524934751e-03 5.078689438534136208e-02 -1.927167396146786116e-01 -1.992698415667001899e-03 9.999978391857501370e-01 5.922672074311786244e-04 -3.036884873672077156e-02 -5.078562465115503410e-02 -6.927046797500285499e-04 9.987093373261991536e-01 -1.667116947730268306e-02
9.964640615343675067e-01 1.786043710780851890e-03 8.400109588756728141e-02 -1.361468248164957040e-01 -2.009114986910542217e-03 9.999946763942783035e-01 2.571117113987803939e-03 -2.640563341442427048e-02 -8.399605802337176130e-02 -2.730793611013591308e-03 9.964623450023736284e-01 1.438643801521413967e-01
9.923560960794667318e-01 -8.004554701830941116e-04 1.234047720095671208e-01 -5.748221787702928465e-04 2.118216045358771449e-04 9.999885390011462594e-01 4.782990315070798429e-03 -2.536131958370678452e-02 -1.234071883707808931e-01 -4.720289727670898272e-03 9.923448920688509034e-01 4.598293654622823690e-01
9.862424920219273750e-01 -3.464700999658675527e-03 1.652686980031755348e-01 9.208508224201238102e-02 2.574601283594400714e-03 9.999810072481367662e-01 5.599693301920735146e-03 -2.526360844474066780e-02 -1.652849632156990767e-01 -5.097154364667468539e-03 9.862326805556691500e-01 7.109538131923819337e-01
9.778186419906982341e-01 -3.698952273336510686e-03 2.094206786887932992e-01 1.869428686173859044e-01 2.361983241604856572e-03 9.999752060989277602e-01 6.633868891493280469e-03 -2.107253807920413113e-02 -2.094400283182745459e-01 -5.992072393475772127e-03 9.778031346225306564e-01 9.739470969562320501e-01
9.667765619888948336e-01 -3.828906488150809681e-03 2.555942446277347790e-01 2.668643939012946831e-01 1.362340480398586441e-03 9.999507891204715282e-01 9.826665778364272394e-03 -1.116070720843455322e-02 -2.556192964119540778e-01 -9.151983612429460263e-03 9.667342019813266463e-01 1.119362635487150204e+00
9.528262645064738967e-01 -7.588904171671640927e-03 3.034213522898684956e-01 4.233390658651402516e-01 2.620533590943245270e-03 9.998558002056981975e-01 1.677830706219319082e-02 6.740696149225400280e-03 -3.035049331986514609e-01 -1.519168564544687121e-02 9.527087537106395665e-01 1.396695493897225804e+00
9.364546473611222721e-01 -1.719712873946641421e-02 3.503668799455313954e-01 5.167052432183691923e-01 8.992543984783546787e-03 9.996462360046493023e-01 2.503072047971871203e-02 -2.157602621214131655e-02 -3.506733953330590237e-01 -2.028944478458509504e-02 9.362780088727441496e-01 1.566396550479373095e+00
9.156127915982170684e-01 -2.290564705435071610e-02 4.014082024042638919e-01 6.972849246265646617e-01 1.179646189694794067e-02 9.994765086791674857e-01 3.012560456407638310e-02 -2.253980704144374625e-02 -4.018881220960611178e-01 -2.284819214193496012e-02 9.154036812828156844e-01 1.821608678337766296e+00
8.917884703714709094e-01 -2.515217551228336734e-02 4.517529072959850511e-01 8.755947028630556295e-01 1.082430163020809896e-02 9.993538885035815333e-01 3.427302132059725781e-02 -2.168287998656100168e-02 -4.523230734038864997e-01 -2.567437531605965342e-02 8.914845296943050279e-01 2.033416593574904230e+00
8.636954458162364734e-01 -2.683514026321576901e-02 5.032991639051541677e-01 1.043253001502328470e+00 8.552331223607899380e-03 9.992181276935104828e-01 3.860040003356391553e-02 1.197175721731037756e-02 -5.039415040743865370e-01 -2.903460832882850950e-02 8.632496485737604086e-01 2.269925260963113978e+00
8.318110783912529005e-01 -3.213422266939301719e-02 5.541278886452455366e-01 1.287090139858090954e+00 9.660012812587888409e-03 9.990096658325954282e-01 4.343238057634592197e-02 8.690390032146097510e-03 -5.549747922327202820e-01 -3.077465254933437616e-02 8.312977236912607593e-01 2.516987106894905235e+00
7.964827158752607605e-01 -3.782909010488051671e-02 6.034767913283044516e-01 1.489236771760420908e+00 1.173509325969252642e-02 9.988201574777275660e-01 4.712303632244425888e-02 7.201887524422745379e-03 -6.045474157743726540e-01 -3.045082719670498539e-02 7.959869187590782325e-01 2.721560639159426920e+00
7.597638713845593639e-01 -4.249877724832539644e-02 6.488086829917562026e-01 1.742824312150399679e+00 1.301045720372016531e-02 9.986554793524521356e-01 5.017929361037713754e-02 1.556607620535313541e-02 -6.500689161701733720e-01 -2.968311638961411772e-02 7.592952807912224378e-01 2.904083524567683039e+00
7.198005365416388912e-01 -4.564286847031333305e-02 6.926787917895980140e-01 2.078126510111792502e+00 1.386498851210268314e-02 9.985823082779491378e-01 5.139198020811675677e-02 2.623974285934825568e-02 -6.940424761842632906e-01 -2.738799098514170874e-02 7.194129181610641188e-01 3.173890225553477773e+00
6.789525103260846128e-01 -4.768768121517917569e-02 7.326318074147312176e-01 2.347616637801444472e+00 1.303753484025151586e-02 9.985140718185482323e-01 5.291191743873523839e-02 3.655723505802914441e-02 -7.340664285015625623e-01 -2.637296595300504809e-02 6.785653644409226359e-01 3.342292588551488919e+00
6.362736910193357298e-01 -4.786382834602666281e-02 7.699771649346324187e-01 2.725464593310678918e+00 8.633022607370092333e-03 9.984527461592651587e-01 5.493254548743037313e-02 6.909955131695164066e-02 -7.714151100670186834e-01 -2.830490267696328041e-02 6.357024225458088873e-01 3.608779177045800424e+00
5.948554999252061437e-01 -4.873096183386611824e-02 8.023541718801261435e-01 3.040467314110752994e+00 5.717537770051715068e-03 9.983919721678315984e-01 5.639840087936031504e-02 9.172048620245515371e-02 -8.038123262522478552e-01 -2.896140811310597002e-02 5.941775757212813813e-01 3.819805241784548056e+00
5.545728389494719579e-01 -4.965086707984251585e-02 8.306526027390970235e-01 3.423879005289553579e+00 3.343552893933978559e-03 9.983432450089331223e-01 5.744202077634173037e-02 1.114492106172531999e-01 -8.321284754135336303e-01 -2.907845303889305608e-02 5.538200567725309886e-01 4.040157127208002130e+00
5.169467850576396906e-01 -5.252032636972991941e-02 8.544048365699324910e-01 3.840238256598515143e+00 2.636589594298066434e-03 9.982090080362069351e-01 5.976474396087652630e-02 1.195903215532304192e-01 -8.560134830276111551e-01 -2.864247673258540905e-02 5.161594108742262321e-01 4.234277760115699785e+00
4.796553234389195897e-01 -5.231826123224921077e-02 8.758958600074984169e-01 4.241905636004053015e+00 -4.631916374313194834e-04 9.982056184479755068e-01 5.987761441215999625e-02 1.448883994175721168e-01 -8.774568764743955196e-01 -2.912632350968238568e-02 4.787704041723770954e-01 4.419983239931385199e+00
4.438442634525436303e-01 -5.165772461394935872e-02 8.946137356526241424e-01 4.693078519054822095e+00 -1.741073278160750609e-03 9.982854306430164470e-01 5.850784211602363949e-02 1.711289822300425811e-01 -8.961022558421681827e-01 -2.752595748878652882e-02 4.429933205469265278e-01 4.601318737013103899e+00
4.102523924702103919e-01 -5.045457075485798581e-02 9.105752560649140737e-01 5.203779142492481746e+00 -5.786706069840288902e-04 9.984538134356429895e-01 5.558459802052281851e-02 1.881802200988136331e-01 -9.119718496415100129e-01 -2.333063673179937986e-02 4.095888678845020503e-01 4.804718219438432136e+00
3.799470920743838187e-01 -4.868975813454654022e-02 9.237258794794209749e-01 5.704784190811046152e+00 1.259390473178322901e-03 9.986400097965757450e-01 5.212048283534303356e-02 2.125055317571349356e-01 -9.250073710351505163e-01 -1.863969353448887561e-02 3.794916858782431679e-01 5.002511129406946644e+00
3.549194597696677111e-01 -4.694812924933655651e-02 9.337173210499500886e-01 6.260922026466790413e+00 2.189116069728685998e-03 9.987773042703840254e-01 4.938728792479135654e-02 2.400152638988636566e-01 -9.348943258188893157e-01 -1.548449313423552742e-02 3.545882748608198964e-01 5.180218907234486636e+00
3.347399650447608899e-01 -4.640357931556644833e-02 9.411672798997611222e-01 6.834747834115304066e+00 3.401995950383532828e-03 9.988397581487381549e-01 4.803710990114483381e-02 2.612312654946615242e-01 -9.423044083757781131e-01 -1.287809235833452769e-02 3.345094492008773845e-01 5.358260569384470706e+00
3.200357538522523027e-01 -4.693360335174792675e-02 9.462422195578790163e-01 7.417310744961124414e+00 4.380759508362239152e-03 9.988348175933094986e-01 4.806054588219361989e-02 2.944500720088369938e-01 -9.473953457618135010e-01 -1.123583255372713821e-02 3.198684573281248555e-01 5.546404324625502369e+00
3.084585463001981442e-01 -4.848010969824510102e-02 9.500015731466089353e-01 8.057060175782732259e+00 5.206609315345793812e-03 9.987715120995782625e-01 4.927837046861404530e-02 3.101796891881036244e-01 -9.512235449750914285e-01 -1.025404658590520039e-02 3.083320243703760455e-01 5.736398733128066141e+00
2.974234905942613749e-01 -5.033750740058036410e-02 9.534177401682352171e-01 8.647035328683680078e+00 4.129598881469485894e-03 9.986676355783032921e-01 5.143831275613050535e-02 3.441961671622663088e-01 -9.547367332616238933e-01 -1.136172880875705934e-02 2.972350864982780672e-01 5.947802718052395576e+00
2.862920396869028106e-01 -5.186317561146525784e-02 9.567377193248745026e-01 9.345324349514099183e+00 2.482023007443740804e-03 9.985707505444419985e-01 5.338816045843450958e-02 3.791733297148021098e-01 -9.581391985799334599e-01 -1.290995944208396529e-02 2.860115812026083337e-01 6.146396247656276124e+00
2.766145406831422848e-01 -5.368289018710150490e-02 9.594803424934112979e-01 1.003042559601744088e+01 1.724529341275059247e-03 9.984645884132523630e-01 5.536688216317377925e-02 4.059358278821745269e-01 -9.609794161401447044e-01 -1.366063179835932603e-02 2.762823998903857214e-01 6.323280428120162888e+00
2.667374241269307444e-01 -5.580389056899033584e-02 9.621523043221285043e-01 1.072756254797822706e+01 9.818420033497936641e-04 9.983375044772564433e-01 5.763040079720539027e-02 4.407481170449288332e-01 -9.637687476779216444e-01 -1.442750223873408982e-02 2.663487636125858038e-01 6.517297930358401103e+00
2.562350880258277286e-01 -5.740009412123167620e-02 9.649086967674963544e-01 1.144436780259725062e+01 4.737227412385516465e-04 9.982426327074213068e-01 5.925725091975943271e-02 4.656841490420333129e-01 -9.666143862870966164e-01 -1.472668683530110531e-02 2.558119792444268348e-01 6.711817906364792030e+00
2.451887661443574451e-01 -5.851466551222198748e-02 9.677078520947057783e-01 1.223598232507207229e+01 -2.102554548797236356e-04 9.981736187212791878e-01 6.041012030820547968e-02 5.032174836411595908e-01 -9.694753433465892467e-01 -1.501534783628405076e-02 2.447286535922542638e-01 6.905721363981821348e+00
2.348857298417893757e-01 -6.147226198665836638e-02 9.700772335011702552e-01 1.297696314611621027e+01 -1.460687978394251477e-03 9.979747990118043033e-01 6.359376447450947045e-02 5.369077199593901284e-01 -9.720219014956453796e-01 -1.635424706251969659e-02 2.343202458802861043e-01 7.081975720663193030e+00
2.235135207136985380e-01 -6.486627715046248965e-02 9.725400023037364949e-01 1.376722803086154379e+01 -3.384719667589996747e-03 9.977254257602261589e-01 6.732398097689970551e-02 5.885194263144575277e-01 -9.746949607369232993e-01 -1.833959442957608724e-02 2.227855670949767108e-01 7.286320113381073327e+00
2.117106662410947471e-01 -6.874960440666780248e-02 9.749113136737964647e-01 1.456152681500253010e+01 -3.426036701983048438e-03 9.974644476917468028e-01 7.108401935901036139e-02 6.207718507219701642e-01 -9.773263901588451485e-01 -1.838932617314428114e-02 2.109383227433386798e-01 7.445707917568088696e+00
1.994346908967158660e-01 -7.116025601967025660e-02 9.773239001298754669e-01 1.533297729563938461e+01 -4.313175351998529972e-03 9.972863393575870372e-01 7.349390309220842077e-02 6.659978295141441018e-01 -9.799016366376280818e-01 -1.887260233576090393e-02 1.985865647984513260e-01 7.621658304816854468e+00
1.855797360973072407e-01 -7.192220106254929024e-02 9.799935419012971716e-01 1.614749795172776814e+01 -5.034203058851497575e-03 9.972350706287748112e-01 7.414088379887369407e-02 7.012170001362911798e-01 -9.826163215229852810e-01 -1.869253126236734494e-02 1.847045489014073616e-01 7.767347138347740376e+00
1.702967556260947535e-01 -7.109680189647009374e-02 9.828246248894876302e-01 1.693594449456412576e+01 -6.609528094555961950e-03 9.972888881265605798e-01 7.328838724370290159e-02 7.466217365068562595e-01 -9.853706643740162141e-01 -1.897678066858100171e-02 1.693651443880873908e-01 7.918981153281432483e+00
1.539679180682733683e-01 -7.004268854423374713e-02 9.855901203722804427e-01 1.774468678450547543e+01 -7.974487750208874778e-03 9.973637089560569713e-01 7.212516588555177577e-02 7.894275323138405520e-01 -9.880436755871261356e-01 -1.896453709546905980e-02 1.530034578868321171e-01 8.021053824735593807e+00
1.330072070768832382e-01 -6.866380461020488157e-02 9.887337093740949934e-01 1.855305816264727881e+01 -1.046692525159679567e-02 9.974443534463836025e-01 7.067676571639533445e-02 8.250308731377343774e-01 -9.910598082526055341e-01 -1.974952016819218198e-02 1.319485873755752159e-01 8.121535969771791486e+00
1.083541639291239755e-01 -6.728914399245296274e-02 9.918324099203591482e-01 1.935927892292142616e+01 -1.498467443255508715e-02 9.974826580089056760e-01 6.930949771110361812e-02 8.688722886806216072e-01 -9.939994225110542203e-01 -2.237225757615081065e-02 1.070730921420848941e-01 8.200246273639079320e+00
7.834436046070424042e-02 -6.682407279211952100e-02 9.946842149370773711e-01 2.019054567009143142e+01 -1.893011388822842672e-02 9.974713451600543124e-01 6.850230909462601270e-02 9.125696921888528657e-01 -9.967466224113386009e-01 -2.419625422405868864e-02 7.688126591749021299e-02 8.294805037346415943e+00
4.551115396203967572e-02 -6.665058039108830157e-02 9.967378882352417868e-01 2.103279905624226487e+01 -2.191882236136645859e-02 9.974649234797134945e-01 6.770001211110296402e-02 9.537452490719979803e-01 -9.987233437907401257e-01 -2.492842554542529579e-02 4.393487608098523706e-02 8.312255799453195593e+00
1.116742044160467205e-02 -6.593165595210484509e-02 9.977616389810469721e-01 2.188132415092060867e+01 -2.368472164191717105e-02 9.975264817063529410e-01 6.618120765911782166e-02 9.879047249606517367e-01 -9.996571112182376373e-01 -2.437077920433922823e-02 9.578223311280428809e-03 8.324139135637111053e+00
-2.264820106435843847e-02 -6.498801440032131449e-02 9.976289889958230850e-01 2.272757231880871487e+01 -2.498466208350171372e-02 9.976100862915989742e-01 6.441958077411183425e-02 1.018071368781524377e+00 -9.994312597292173139e-01 -2.346643469473531224e-02 -2.421777879041554435e-02 8.272736874734439638e+00
-5.588410062369651710e-02 -6.296439153120782228e-02 9.964499161526771953e-01 2.358432904067737113e+01 -2.725511169420127833e-02 9.977338430598582386e-01 6.151696762558914872e-02 1.052651907074371174e+00 -9.980651999585221645e-01 -2.372053249289679186e-02 -5.747356139663813840e-02 8.242285085496311225e+00
-8.841568835491665779e-02 -5.991805530621566178e-02 9.942798778179963159e-01 2.439771218393931207e+01 -2.933592971365042712e-02 9.979127703939896232e-01 5.752830545675159668e-02 1.096540309357334486e+00 -9.956515888299140027e-01 -2.408171902809810513e-02 -8.998889776022465925e-02 8.142890936479103559e+00
-1.198528842078383783e-01 -5.548220930524237066e-02 9.912401290263667120e-01 2.526443189514096233e+01 -2.658805323152535482e-02 9.982584714617117605e-01 5.266022784443477600e-02 1.123710414664722324e+00 -9.924355790057739490e-01 -2.004366423482856208e-02 -1.211193223091855536e-01 8.031491059769846785e+00
-1.523196899133096305e-01 -5.015338075879447605e-02 9.870579179350412735e-01 2.607498717959344248e+01 -2.214505014813582251e-02 9.986340744984020246e-01 4.732422231335461221e-02 1.138076815571931633e+00 -9.880831571921568912e-01 -1.465003528765630551e-02 -1.532222830767808186e-01 7.891116115456046742e+00
-1.826844977795924196e-01 -4.417279691701761490e-02 9.821787623985029914e-01 2.692974424415925938e+01 -1.596704834339792572e-02 9.989917357545958776e-01 4.195909039606546265e-02 1.162171613038761819e+00 -9.830419340645820681e-01 -8.017219433521776545e-03 -1.832056140907429298e-01 7.733193774000173271e+00
-2.126815595301486672e-01 -3.840509063536672041e-02 9.763665225887959709e-01 2.774768984795932525e+01 -1.074983893777019424e-02 9.992587801562857752e-01 3.696391812717091108e-02 1.172902424272873390e+00 -9.770624398900501495e-01 -2.634238074121273906e-03 -2.129367656439801471e-01 7.522288797050277864e+00
-2.403356883683282486e-01 -3.184449202277623431e-02 9.701673405056353561e-01 2.856948505552749396e+01 -1.749294376204692594e-03 9.994743226524682722e-01 3.237311097678468447e-02 1.201855311338377419e+00 -9.706882675988141029e-01 6.083306745327901957e-03 -2.402650560919564748e-01 7.321084259849446774e+00
-2.676231092882195850e-01 -2.172904571489236991e-02 9.632786219513059800e-01 2.937549609823300401e+01 4.426938245958461984e-03 9.997073974542672881e-01 2.378069963015920496e-02 1.198314585564222101e+00 -9.635135127760661167e-01 1.062864088684349617e-02 -2.674486102931276088e-01 7.102302828604484475e+00
-2.915321399754368104e-01 -6.883096736768823908e-03 9.565362607365489600e-01 3.015799037322787157e+01 8.887901534470674450e-03 9.999114534227937501e-01 9.904064901059743062e-03 1.195002979925208209e+00 -9.565197499330847508e-01 1.138895446501857721e-02 -2.914451508596488383e-01 6.811234866133637489e+00
-3.167921732403397583e-01 9.959999349434109014e-03 9.484426716424229076e-01 3.093779658377848563e+01 9.151174756346906747e-03 9.999304183966476467e-01 -7.444081568119287687e-03 1.168160009100692953e+00 -9.484508369554947027e-01 6.321138924020495986e-03 -3.168612773609607580e-01 6.537421507846035595e+00
-3.413544074422674712e-01 2.447146320304080525e-02 9.396160387503071920e-01 3.171871977262918207e+01 8.039568338206624573e-03 9.997004722885937111e-01 -2.311560148993082112e-02 1.139430070604292133e+00 -9.399002865730964329e-01 -3.365041035981401057e-04 -3.414489036606764283e-01 6.241691407207421882e+00
-3.665563922482993897e-01 3.548929973697481643e-02 9.297187238449066138e-01 3.247931252532274726e+01 1.178767612121339910e-02 9.993691838644197523e-01 -3.350052252324833835e-02 1.106867310719717556e+00 -9.303211684636254475e-01 -1.320606506599777963e-03 -3.667435002419431878e-01 5.944640374763412005e+00
-3.904022046356753206e-01 4.032684970941514957e-02 9.197607562101492995e-01 3.326535063916768564e+01 1.600477094620162202e-02 9.991865054294606363e-01 -3.701587012983326153e-02 1.057259338418251593e+00 -9.205052851976298633e-01 2.694838953371872514e-04 -3.907300378505174088e-01 5.628317862072201194e+00
-4.129860992437667244e-01 3.944326610558560042e-02 9.098827923077889013e-01 3.398344229855034371e+01 1.813936671799485506e-02 9.992197778811050535e-01 -3.508274263236935142e-02 1.009754854369927513e+00 -9.105566753474325647e-01 2.016013591486185211e-03 -4.133793555049031787e-01 5.260409761914076832e+00
-4.339577945539009884e-01 3.639430657495456439e-02 9.001977962795649768e-01 3.476320231639864744e+01 2.224226842158541495e-02 9.993119795875567979e-01 -2.967909884696386461e-02 9.842347499008530232e-01 -9.006586076422450349e-01 7.142965761663106969e-03 -4.344687159373054053e-01 4.920026438881694553e+00
-4.517183629921329713e-01 3.488518847567957659e-02 8.914782834411656420e-01 3.547587535555217642e+01 2.920761348227439436e-02 9.992778576386753819e-01 -2.430387827767433243e-02 9.508119556044168919e-01 -8.916823700336474756e-01 1.505944611230581459e-02 -4.524110723842629800e-01 4.485033863112036556e+00
-4.659511219361092138e-01 3.559513430686803148e-02 8.840941829249396866e-01 3.619764793390491775e+01 3.256470033948286741e-02 9.992034143178714078e-01 -2.306679549950816505e-02 9.034812804637735173e-01 -8.842110071648587866e-01 1.804226400953254025e-02 -4.667390980719837712e-01 4.113112242836282739e+00
-4.771214782520600273e-01 3.883051967810732807e-02 8.779790839260025459e-01 3.691118624748426669e+01 3.529884191238225055e-02 9.990639763590468680e-01 -2.500325667648588615e-02 8.454335033690469903e-01 -8.781281794168622756e-01 1.906205521509782980e-02 -4.780455548819829703e-01 3.725197318499394949e+00
-4.870535664374379681e-01 4.159912314649806542e-02 8.723808357682145687e-01 3.761049699847335859e+01 3.674761372854676300e-02 9.989565555233265171e-01 -2.711849927285588796e-02 8.104771541637719734e-01 -8.725986757176363851e-01 1.884975329757047555e-02 -4.880740228225954880e-01 3.336393872005062100e+00
-4.975542938314839736e-01 4.093654976170500726e-02 8.664663351771101363e-01 3.830933569410673556e+01 3.083476445641475383e-02 9.990891867475830690e-01 -2.949600265486699083e-02 7.516630627052548475e-01 -8.668846257552060841e-01 1.204142362435543789e-02 -4.983633848778619702e-01 2.954381280410168120e+00
-5.091875444860227695e-01 3.972673544954536534e-02 8.597382262265483854e-01 3.900250161664050097e+01 2.923463675041884299e-02 9.991560215542631962e-01 -2.885447202859666924e-02 7.415093905219670711e-01 -8.601589345721285529e-01 1.044179800719877149e-02 -5.099191990655401741e-01 2.553765917979636590e+00
-5.178290723640198712e-01 4.107488985814489180e-02 8.544974499621935671e-01 3.968057997965421180e+01 3.145549993847600312e-02 9.990854318454329697e-01 -2.896293052903008147e-02 6.983800501815807804e-01 -8.549056177986217309e-01 1.188079806694965733e-02 -5.186475147848806921e-01 2.130429917424997655e+00
-5.248244151400144331e-01 4.402857099149432019e-02 8.500710588473764373e-01 4.036148881846467162e+01 3.490996701533887608e-02 9.989344889134095240e-01 -3.018577486423129619e-02 6.495116030410175156e-01 -8.504943499773758298e-01 1.383372202994524389e-02 -5.258022460668919651e-01 1.676007984984519750e+00
-5.286737717593922303e-01 4.728080873473952672e-02 8.475072596342710929e-01 4.107433698889023077e+01 3.583285140734138174e-02 9.988005492510220185e-01 -3.336869064227690473e-02 6.184810444651911432e-01 -8.480684297899051538e-01 1.272745118985457551e-02 -5.297338609970931866e-01 1.238679240188791386e+00
-5.279890792502376362e-01 4.867709810074563603e-02 8.478549753684255785e-01 4.178408832006000750e+01 3.509965614099148229e-02 9.987537189117962066e-01 -3.548271463567573974e-02 5.740252224159133609e-01 -8.485255200276762277e-01 1.102493327604985203e-02 -5.290396070472676016e-01 7.972081993366491037e-01
-5.250637125493485824e-01 4.952475828062361668e-02 8.496207288991688422e-01 4.250971900476869791e+01 3.750359952945235553e-02 9.986820945308212405e-01 -3.503646703394759643e-02 5.382468969254007307e-01 -8.502361963857861804e-01 1.346745914921007765e-02 -5.262290861109131246e-01 3.496087688351809941e-01
-5.192762389989958871e-01 4.846271672608197523e-02 8.532312344785931701e-01 4.327431748369797759e+01 3.612237046064355195e-02 9.987432387215006147e-01 -3.474359507417194154e-02 4.918958469953833568e-01 -8.538427103006248631e-01 1.277921239426706851e-02 -5.203742221397010814e-01 -8.187300140145614691e-02
-5.123549328092316113e-01 4.713939159753965935e-02 8.574790302135109066e-01 4.403523748762997059e+01 3.378500656152636644e-02 9.988257587921014480e-01 -3.472285769372125686e-02 4.468040464441984105e-01 -8.581089722531013431e-01 1.117950826422606410e-02 -5.133459103979092220e-01 -5.280541856275706714e-01
-5.050241916290423294e-01 4.645050800761015009e-02 8.618543396189990435e-01 4.481939641527718265e+01 3.185567825591067992e-02 9.988735547778742063e-01 -3.516869733276198340e-02 4.031291369529762525e-01 -8.625171267137047293e-01 9.693912618074911405e-03 -5.059350231947188359e-01 -9.976775952295993122e-01
-4.985295936722843879e-01 4.507370787291386377e-02 8.657000586380424467e-01 4.562331667120027845e+01 2.901983575459626125e-02 9.989553273407307810e-01 -3.530018495810433032e-02 3.597420297041067361e-01 -8.663868106861893903e-01 7.524287647455326494e-03 -4.993168262559447013e-01 -1.448584699261264541e+00
-4.939936477824701799e-01 4.302132411077373708e-02 8.684004997573535611e-01 4.642910540155295962e+01 2.515247522941709696e-02 9.990641967172914084e-01 -3.518641472047660812e-02 3.209383426927250871e-01 -8.691016289212949442e-01 4.460557671272043570e-03 -4.946134609184229536e-01 -1.894996470387774634e+00
-4.925758013481949527e-01 4.016201158518208081e-02 8.693423256005540223e-01 4.728745347127168941e+01 2.038036834525606966e-02 9.991929577447973276e-01 -3.461320182073383128e-02 2.823852658283280137e-01 -8.700308804853602584e-01 6.678921297064120688e-04 -4.929967896772152192e-01 -2.358114602414920213e+00
-4.931809292656583188e-01 3.772931931267432121e-02 8.691081956857334978e-01 4.812073033425128443e+01 1.753518994961379696e-02 9.992872175694673675e-01 -3.343013433582030236e-02 2.283018334410374384e-01 -8.697500219035022573e-01 -1.247126495270102151e-03 -4.934909905693400933e-01 -2.821770100902385447e+00
-4.941948563703502662e-01 3.649621506616958222e-02 8.685847434608622297e-01 4.898316911277353825e+01 1.610519677377873771e-02 9.993312941679222128e-01 -3.282662185064873922e-02 1.917966009213118717e-01 -8.692019782747878454e-01 -2.234018547241487310e-03 -4.944521653362503599e-01 -3.304029911628011185e+00
-4.948794417661599998e-01 3.580330965555692663e-02 8.682237312439585741e-01 4.986374715831863824e+01 1.623599886943827286e-02 9.993573790172742832e-01 -3.195655352440374131e-02 1.417996710598594945e-01 -8.688099578781741661e-01 -1.718160929866265410e-03 -4.951427255708842345e-01 -3.794309326916019298e+00
-4.944785173696510938e-01 3.502948983756855317e-02 8.684836884215105801e-01 5.074462737982405969e+01 1.570053258242526048e-02 9.993845180800267070e-01 -3.137002181078642205e-02 9.399769873509061791e-02 -8.690480433179956776e-01 -1.876144508049374868e-03 -4.947241576520397532e-01 -4.295826226108600210e+00
-4.948258570977645543e-01 3.457078140995754195e-02 8.683042200621930995e-01 5.161374699703201685e+01 1.623540066682194194e-02 9.994017377126582780e-01 -3.053814649545376347e-02 5.050448125873938099e-02 -8.688404890219862953e-01 -1.013796672856781544e-03 -4.950910931590531416e-01 -4.795153187882546852e+00
-4.952355243211863933e-01 3.410399539786127671e-02 8.680890964134566623e-01 5.251587249397970680e+01 1.578985744464142874e-02 9.994174742904545772e-01 -3.025545330794644425e-02 -1.913862351421491415e-03 -8.686152590743239088e-01 -1.276571275641343733e-03 -4.954855353440832388e-01 -5.305094802110888352e+00
-4.951981410406128825e-01 3.260194879310163857e-02 8.681681291120091348e-01 5.343059754320420041e+01 1.412281509065980122e-02 9.994656854281992464e-01 -2.947693536622106661e-02 -4.837881284344512645e-02 -8.686652748045918804e-01 -2.335944725235419850e-03 -4.953939819746929207e-01 -5.800592881393844991e+00
-4.953054991980630484e-01 3.182726698559679157e-02 8.681356310520434993e-01 5.433836581026194068e+01 1.368178124108185637e-02 9.994904896453118415e-01 -2.883695449817903766e-02 -1.028550630229721347e-01 -8.686111234450023533e-01 -2.405459434923708575e-03 -4.954885908441172826e-01 -6.301412522408059047e+00
-4.949929866466498130e-01 3.098253758140757583e-02 8.683444085679030700e-01 5.523087844900975796e+01 1.242483837870649727e-02 9.995142856438135048e-01 -2.857999582713015296e-02 -1.508274149781669848e-01 -8.688081370563618400e-01 -3.357857650816444689e-03 -4.951375156912239950e-01 -6.820242133672521412e+00
-4.937595265471969030e-01 2.961906546918981545e-02 8.690939116333468162e-01 5.614129221502508926e+01 1.190836828676826963e-02 9.995563585690770969e-01 -2.729975799223789690e-02 -2.041122277700067322e-01 -8.695169539376030876e-01 -3.130024293508035932e-03 -4.938931903275267654e-01 -7.316781873279968096e+00
-4.915764489776173196e-01 2.749460216772224921e-02 8.704002688174313773e-01 5.704250030455666831e+01 1.250652366092759767e-02 9.996212737970217033e-01 -2.451317636859537061e-02 -2.511579659985779811e-01 -8.707446205352566970e-01 -1.164417703446140803e-03 -4.917341392131756028e-01 -7.813670334587975219e+00
-4.889851684830158751e-01 2.598401171146173458e-02 8.719049961953668770e-01 5.791268854899323770e+01 1.299003784790324356e-02 9.996623070938636113e-01 -2.250623623562213182e-02 -3.018982273623876389e-01 -8.721953774702916329e-01 3.208641310935636537e-04 -4.891575761830007085e-01 -8.303763127208446448e+00
-4.861807478806680627e-01 2.527294720224836089e-02 8.734927273511464696e-01 5.882207317490523479e+01 1.232037928513808611e-02 9.996805875191251411e-01 -2.206651694114600964e-02 -3.598547440998561830e-01 -8.737714239177875042e-01 3.344694156315851374e-05 -4.863368292061790443e-01 -8.823580216110384455e+00
-4.841538981800894703e-01 2.552048722121448912e-02 8.746105955122636111e-01 5.970886770670030330e+01 1.308531360978819683e-02 9.996739556846496733e-01 -2.192616862368773623e-02 -3.966633262807556237e-01 -8.748850153536934515e-01 8.289148727199362882e-04 -4.843299873633932218e-01 -9.316259009896286969e+00
-4.832307313349202826e-01 2.614666600120340786e-02 8.751025073154991007e-01 6.060052268185219759e+01 1.289984181113636164e-02 9.996580731960262867e-01 -2.274490607504991643e-02 -4.509608543462059194e-01 -8.753980049308750511e-01 2.976472664720439254e-04 -4.834027908822088326e-01 -9.800928648246440389e+00
-4.843876144651708127e-01 2.752437321710787116e-02 8.744203988993084486e-01 6.151289377238433786e+01 1.262908931886246554e-02 9.996208048818718828e-01 -2.446942025140831645e-02 -4.861638190222583034e-01 -8.747623435527305258e-01 -8.095498442414490042e-04 -4.845515460449595357e-01 -1.028454670171508134e+01
-4.865411837617924506e-01 2.903563376778666230e-02 8.731750080546584192e-01 6.237910834944463545e+01 1.133042217097533604e-02 9.995732330366122742e-01 -2.692532838832528003e-02 -5.350017752141499328e-01 -8.735841749040845761e-01 -3.206838762044411997e-03 -4.866625312758020017e-01 -1.077513213586407836e+01
-4.911010529038862260e-01 2.971738735911463869e-02 8.705955542131021963e-01 6.326976539496538976e+01 1.007479123303559043e-02 9.995448470880756719e-01 -2.843584395833916381e-02 -5.861485539730295624e-01 -8.710443541775313436e-01 -5.193803556881043323e-03 -4.911769245285736996e-01 -1.124915660975572251e+01
-4.968756251959249304e-01 2.854146172963538397e-02 8.673522839260293660e-01 6.417313062396598866e+01 1.035081213096464975e-02 9.995828395245391906e-01 -2.696307839641028103e-02 -6.180384457846119783e-01 -8.677600395251113818e-01 -4.419494993461441090e-03 -4.969637768528543664e-01 -1.174290475002539935e+01
-5.020811678140996159e-01 2.652243341122005604e-02 8.644137018344372203e-01 6.504580713068443742e+01 1.323670434032419435e-02 9.996482136484902137e-01 -2.298344151949013175e-02 -6.839115729004558997e-01 -8.647192046605114424e-01 -9.756362101534694908e-05 -5.022556133378747178e-01 -1.225152703877691884e+01
-5.074811247081600918e-01 2.424186211135338775e-02 8.613217904712413553e-01 6.591892229650640900e+01 1.041209993328312197e-02 9.997037079245801872e-01 -2.200192078663918208e-02 -7.295311209528430041e-01 -8.615999700957037710e-01 -2.197390030890171084e-03 -5.075831719751829896e-01 -1.275473604147692619e+01
-5.124556208483356246e-01 2.630680172382985488e-02 8.583106520864475231e-01 6.674513063585617090e+01 1.132142170384920973e-02 9.996507404236162353e-01 -2.387933333702064315e-02 -7.786440373613037202e-01 -8.586390826229094442e-01 -2.519800833571419346e-03 -5.125744724190746116e-01 -1.326652046349491698e+01
-5.173899609128631560e-01 2.856355119140973481e-02 8.552729030072048211e-01 6.757069756612537503e+01 1.189872206804720722e-02 9.995862934508812359e-01 -2.618515488183329604e-02 -8.117799046612437230e-01 -8.556670268293854464e-01 -3.371280795322022586e-03 -5.175157842582187584e-01 -1.377896538089968104e+01
-5.225526077088272769e-01 2.916876917530745322e-02 8.521079402869834452e-01 6.843298051266204141e+01 1.084394746015779169e-02 9.995611585885927353e-01 -2.756626604753829868e-02 -8.608392082698159697e-01 -8.525380888429259230e-01 -5.164609592074280789e-03 -5.226395957846080575e-01 -1.428156277986838063e+01
-5.267470854531784985e-01 2.967244118214892520e-02 8.495039971027369408e-01 6.926809661680036356e+01 1.011172628426901601e-02 9.995385565257880467e-01 -2.864309672680872415e-02 -9.041418517708978975e-01 -8.499619243398378599e-01 -6.497714956651445481e-03 -5.268040622470595569e-01 -1.476940186533664523e+01
-5.296206920555014408e-01 2.840185275944213938e-02 8.477589540948761160e-01 7.009042449577502509e+01 9.447225422128016636e-03 9.995747892330399953e-01 -2.758605885660459639e-02 -9.663093284184727239e-01 -8.481819877207918967e-01 -6.601176774704680880e-03 -5.296638115332658048e-01 -1.529751455269465943e+01
-5.321584806485593067e-01 2.218739784975060775e-02 8.463539790353407088e-01 7.092960939520381203e+01 1.120402306147523161e-02 9.997535731815502258e-01 -1.916410077743340920e-02 -1.008210576008714110e+00 -8.465706309019236375e-01 -7.157683311218906302e-04 -5.322759318350662738e-01 -1.583822397167239515e+01
-5.340930686983471620e-01 1.479770470264101141e-02 8.452961663867819553e-01 7.174337253608317155e+01 1.248313816406296239e-02 9.998758403103350512e-01 -9.616402885295843167e-03 -1.032957730914802585e+00 -8.453335300079430903e-01 5.415895690636326337e-03 -5.342114788496500344e-01 -1.634107853358800710e+01
-5.359217556400693860e-01 1.264239816872149424e-02 8.441729850183516959e-01 7.256861112995392205e+01 1.364525231661307438e-02 9.998869782648519555e-01 -6.311716304281144753e-03 -1.056749282813416846e+00 -8.441573849761482284e-01 8.136368305097251008e-03 -5.360336947332176027e-01 -1.685449002017686837e+01
-5.367097551674617772e-01 1.602510598208660431e-02 8.436147353731578979e-01 7.340348133273835174e+01 1.196106319365370686e-02 9.998636649795598075e-01 -1.138351443819772373e-02 -1.107805851662697183e+00 -8.436821577770781122e-01 3.980886881445632082e-03 -5.368282613237028711e-01 -1.735765725008787896e+01
-5.384629817663166840e-01 2.111636699752690582e-02 8.423845341659512709e-01 7.419231673110991210e+01 1.224278123764277124e-02 9.997764918761123942e-01 -1.723602560418870805e-02 -1.157442279515707328e+00 -8.425602312099846891e-01 1.032168765219160581e-03 -5.386011551621632254e-01 -1.787981253758368183e+01
-5.389849203206154016e-01 2.653582143159373755e-02 8.418973173458232928e-01 7.500243125116544718e+01 1.871824650450128885e-02 9.996341520964909799e-01 -1.952406664704953165e-02 -1.184216777364806905e+00 -8.421074127075676152e-01 5.235664982012827942e-03 -5.392844390492714801e-01 -1.840332475883266383e+01
-5.385937023772512378e-01 2.756622046364635287e-02 8.421145494227091355e-01 7.578794295742706311e+01 2.228412904236814693e-02 9.995810785723263647e-01 -1.846848439897558203e-02 -1.225108674790417185e+00 -8.422708904959060883e-01 8.818780900922177160e-03 -5.389823643340935222e-01 -1.891420184147224504e+01
-5.386206235831114686e-01 2.448115494198897443e-02 8.421926644186309430e-01 7.657337753711625794e+01 2.192417403646663293e-02 9.996465536055793022e-01 -1.503656946506355327e-02 -1.254191172635932716e+00 -8.422631216360935147e-01 1.036537314437644200e-02 -5.389669803527143976e-01 -1.942250191614890653e+01
-5.373103229823171789e-01 2.009771198808839310e-02 8.431451155390562446e-01 7.740449147651149531e+01 2.017483720475324663e-02 9.997362442095655277e-01 -1.097351012156634956e-02 -1.283802095924065467e+00 -8.431432881858753614e-01 1.111413620820166440e-02 -5.375740735272630522e-01 -1.993788562615459270e+01
-5.366935363494634847e-01 1.441174184590036239e-02 8.436541570975459869e-01 7.819101177864023100e+01 1.910760607205900380e-02 9.998053086970749570e-01 -4.923825711536772808e-03 -1.298274905232566390e+00 -8.435608804922936077e-01 1.347762691730225275e-02 -5.368644218582115935e-01 -2.043680338168098132e+01
-5.363909260902074427e-01 7.540287321108567371e-03 8.439359605521201679e-01 7.902630748630197388e+01 9.916296149618045175e-03 9.999473695573425358e-01 -2.631571569965434308e-03 -1.330479913074898324e+00 -8.439114012523635244e-01 6.957168805772559472e-03 -5.364374685065840254e-01 -2.094934242008195113e+01
-5.349021691512025889e-01 1.864623734995699868e-03 8.449119360156919223e-01 7.981234666980950010e+01 6.353924894664927589e-04 9.999981698069129177e-01 -1.804621396554253153e-03 -1.367910072425547741e+00 -8.449137692327404192e-01 -4.284442631195522350e-04 -5.349023761315168102e-01 -2.142546167415351377e+01
-5.332321710481380261e-01 2.691800211545190055e-03 8.459646523041222110e-01 8.061169140371664810e+01 4.530568395311539154e-03 9.999896837250502601e-01 -3.261676532520718305e-04 -1.376385800340080845e+00 -8.459568177289105151e-01 3.658778607172427470e-03 -5.332388666518096398e-01 -2.192493184879567636e+01
-5.299705834426376994e-01 5.766421230632015962e-03 8.479964127246014671e-01 8.141280450122728496e+01 9.702937588375348463e-03 9.999526547406468735e-01 -7.357052664844791409e-04 -1.397635363527992558e+00 -8.479605211895935302e-01 7.838155132036395134e-03 -5.300014442649358948e-01 -2.244044435439451135e+01
-5.246676566050573198e-01 8.814342670992798834e-03 8.512615017183617905e-01 8.222461210418813948e+01 1.018627796667933259e-02 9.999398127983624152e-01 -4.075598680305755027e-03 -1.437152809107198115e+00 -8.512462051383359318e-01 6.532852471848290057e-03 -5.247258648680824811e-01 -2.290270425076657546e+01
-5.167879971348015022e-01 1.028340544794845157e-02 8.560516364605995632e-01 8.300804218513071930e+01 1.482923074528682411e-02 9.998853616519982612e-01 -3.058994017332252596e-03 -1.448964938470304054e+00 -8.559849718210272851e-01 1.111373690198458157e-02 -5.168812496083690089e-01 -2.338894427589987757e+01
-5.085414459687571664e-01 1.287319345846449012e-02 8.609412669756467684e-01 8.383491872847702098e+01 2.245257475491700683e-02 9.997464868717653719e-01 -1.686368071149181753e-03 -1.480277091422382174e+00 -8.607447309228128951e-01 1.847276121486543521e-02 -5.087015615854099115e-01 -2.389456535761165412e+01
-4.990381183850984836e-01 1.302567534333658184e-02 8.664821259447157420e-01 8.457840868535539869e+01 2.203542021660115369e-02 9.997544565022363772e-01 -2.338145278612120161e-03 -1.487343761899898364e+00 -8.662998378283550682e-01 1.792647524986904287e-02 -4.992026102685867550e-01 -2.431789422599318939e+01
-4.876271500322620911e-01 9.999334407098684971e-03 8.729947090763859885e-01 8.541376627418065937e+01 1.780137004244265742e-02 9.998404043957651588e-01 -1.508950702414733371e-03 -1.509200440000685539e+00 -8.728704865865455353e-01 1.480469762397317035e-02 -4.877273299621392999e-01 -2.479224741588515002e+01
-4.766489837689947828e-01 7.325067223835895341e-03 8.790631807204083437e-01 8.625745749783915528e+01 1.950375901914239846e-02 9.998072648874251067e-01 2.244198965930056626e-03 -1.539136594389487911e+00 -8.788773307035431248e-01 1.821473272663767448e-02 -4.766999843553934579e-01 -2.521713187310582427e+01
-4.649677169928690956e-01 5.803579853534572564e-03 8.853086052162641995e-01 8.706553260966599339e+01 1.909846673670529890e-02 9.998115638406565031e-01 3.476398378706263299e-03 -1.556398218257477817e+00 -8.851216208482192149e-01 1.852445110518736657e-02 -4.649909409835308871e-01 -2.563792357859263404e+01
-4.526637730072178289e-01 4.658661706722291504e-03 8.916691040668520696e-01 8.791616660513548709e+01 1.833843933854235886e-02 9.998234877629239570e-01 4.085942743638626765e-03 -1.576534952216360974e+00 -8.914926939845986276e-01 1.820137917528436705e-02 -4.526693061506339988e-01 -2.605078300763840105e+01
-4.405674454087565306e-01 6.724826152667220600e-03 8.976943178244821686e-01 8.875561470227437155e+01 2.234379498295903377e-02 9.997443016424663043e-01 3.476509911329521852e-03 -1.590145331579880139e+00 -8.974414154938454846e-01 2.158953606100045414e-02 -4.406050524357874032e-01 -2.645971742218355871e+01
