9.999999999999998890e-01 0.000000000000000000e+00 4.065758146820641628e-20 0.000000000000000000e+00 1.734723475976807094e-18 1.000000000000000000e+00 -8.673617379884035472e-19 -1.387778780781445676e-17 6.776263578034402713e-21 0.000000000000000000e+00 1.000000000000000000e+00 0.000000000000000000e+00
9.989728274394921170e-01 -9.105223205092636413e-04 4.530409682114786701e-02 5.953446212970939233e-02 9.740160394451115311e-04 9.999985742048048687e-01 -1.379449078078364560e-03 -2.420447102761578290e-02 -4.530277013496644689e-02 1.422159137115359094e-03 9.989722900464812483e-01 9.400461311719590096e-01
9.958796510207054142e-01 -4.353175826616598881e-03 9.058019372920857182e-02 1.633893148115428684e-01 4.910978978623128585e-03 9.999703217122545285e-01 -5.936157774033579484e-03 -3.723460233947009645e-02 -9.055165218736684063e-02 6.356536591814464926e-03 9.958714735279940999e-01 2.013599356201527080e+00
9.907110282800670742e-01 -4.892665836317557776e-03 1.358959989230955345e-01 2.841766372324935896e-01 6.224645089474468637e-03 9.999366488781977758e-01 -9.378272805252402949e-03 -9.086350015797037272e-02 -1.358414867932031256e-01 1.013706335243675163e-02 9.906787209672474059e-01 2.980715860299657738e+00
9.832611173506017321e-01 -3.160607882116082609e-03 1.821746135589485949e-01 4.519351639640375451e-01 5.536585798497853025e-03 9.999061027867385265e-01 -1.253522210510783427e-02 -8.344232048541225244e-02 -1.821178645312633571e-01 1.333402278169334293e-02 9.831862911616736644e-01 4.003291375150288545e+00
9.737251443513950111e-01 -5.525643034004089696e-03 2.276594323073583281e-01 6.901478056204229938e-01 8.585096732406307871e-03 9.998856317763433754e-01 -1.245068044501895094e-02 -1.295696713405979639e-01 -2.275645667801917127e-01 1.407801978126763803e-02 9.736612197018856829e-01 4.937963072894816285e+00
9.620041062317354896e-01 -6.629987342429062916e-03 2.729544878318263534e-01 9.453549550598085993e-01 1.073805871499587845e-02 9.998504089780241300e-01 -1.355926672421060158e-02 -1.535288034697162851e-01 -2.728237219515998735e-01 1.597507260482837824e-02 9.619313927077882687e-01 5.896201611860638181e+00
9.481848368369754088e-01 -9.465546232459952358e-03 3.175782292090432724e-01 1.266746995668302622e+00 1.538113124341823970e-02 9.997516710430588427e-01 -1.612504176152761842e-02 -1.743315385536394480e-01 -3.173466904706832015e-01 2.017423382514922994e-02 9.480949664315044823e-01 6.894653356604186989e+00
9.330248821580241492e-01 -1.135104314747315511e-02 3.596327847966330760e-01 1.610853214989720117e+00 1.882841748854954464e-02 9.996731235872617916e-01 -1.729556506665373694e-02 -2.627202825314535195e-01 -3.593188584521109230e-01 2.290851025288230189e-02 9.329336211182146510e-01 7.737900396785142298e+00
9.155600851188508971e-01 -1.149069039338759812e-02 4.020170589091957569e-01 2.024377676964415951e+00 2.037657542086271714e-02 9.996333074850911604e-01 -1.783383375627541415e-02 -2.519942969939699129e-01 -4.016646653601124717e-01 2.451967883001861595e-02 9.154584976844986066e-01 8.652949139823425284e+00
8.955959566154823026e-01 -1.219559493047556696e-02 4.447012208650006349e-01 2.456913111646870096e+00 2.204644060112520912e-02 9.996126346714574451e-01 -1.698631624890940134e-02 -2.969373838922820252e-01 -4.443217412411641365e-01 2.501695674060844601e-02 8.955179039961352894e-01 9.569395965575477447e+00
8.737977891977878331e-01 -1.229697147924295984e-02 4.861339723712140293e-01 2.928701610857462612e+00 2.285405694117215170e-02 9.996140592095281718e-01 -1.579318171956493183e-02 -3.458257855969867900e-01 -4.857520800271189487e-01 2.491018222855711367e-02 8.737415914822325158e-01 1.041292513341252501e+01
8.492445495594573845e-01 -1.245207112879433316e-02 5.278528939099552675e-01 3.457537371284806316e+00 2.404607605592951058e-02 9.995967101777916142e-01 -1.510639262191989379e-02 -3.630436036931976584e-01 -5.274518396366896233e-01 2.552181389151082780e-02 8.492014821987819984e-01 1.126949797710531698e+01
8.236151590052557259e-01 -1.285271703051559314e-02 5.670034566731683157e-01 4.002523048113086901e+00 2.555627125769219243e-02 9.995687360786804643e-01 -1.446439465797208154e-02 -3.945347730479943360e-01 -5.665729458263508711e-01 2.640359032117541374e-02 8.235884319602955195e-01 1.203738082059126491e+01
7.962517300988475322e-01 -1.444461655692354241e-02 6.047930089229689443e-01 4.585410421697588390e+00 2.896307983340663805e-02 9.994787491667659340e-01 -1.426077826994254054e-02 -4.542946683699200516e-01 -6.042716875961803291e-01 2.887183918260218668e-02 7.962550448007460480e-01 1.282310048680680836e+01
7.668315034373738293e-01 -1.413834551674876538e-02 6.416927667849874339e-01 5.217938969607585520e+00 3.045254768530607226e-02 9.994329000869404123e-01 -1.437081670100006682e-02 -4.524560215827690968e-01 -6.411255973679165221e-01 3.056117624539085587e-02 7.668271830566643077e-01 1.361623036020573174e+01
7.364347356472814576e-01 -1.706948787986688199e-02 6.762932598013265961e-01 5.855757713805090248e+00 3.532748820574577869e-02 9.992879852032531263e-01 -1.324730006908213242e-02 -5.069267363522789172e-01 -6.755855138156644513e-01 3.364751596253107158e-02 7.365134064640593836e-01 1.429303415420200807e+01
7.041808512806645437e-01 -1.646369438363609258e-02 7.098297980636489868e-01 6.542555860317046168e+00 3.595714585604556368e-02 9.992752297026261665e-01 -1.249394704455939267e-02 -5.379242829448539487e-01 -7.091095429407583417e-01 3.432145372038891695e-02 7.042624705424646026e-01 1.495902356747946804e+01
6.693440780554770209e-01 -1.555410958514404779e-02 7.427897737766245845e-01 7.281750945878163961e+00 3.753994392809339303e-02 9.992118031250762922e-01 -1.290444999222253170e-02 -5.404399507834319882e-01 -7.420034925161309580e-01 3.652180563063571472e-02 6.694004047676603841e-01 1.564123224411357249e+01
6.339842214211954818e-01 -1.645705842583990164e-02 7.731709070996557465e-01 8.008560903896896122e+00 4.193144456484208804e-02 9.990343652781863426e-01 -1.311833090745701327e-02 -5.907667249151975497e-01 -7.722083137868913649e-01 4.073699010934647702e-02 6.340620937502821075e-01 1.622730012324440096e+01
5.966510009041375850e-01 -1.533863037553238537e-02 8.023542827723807447e-01 8.792472083312063091e+00 4.307835003829094817e-02 9.989879393381000394e-01 -1.293647759725476652e-02 -6.174569761517598732e-01 -8.013437163113358297e-01 4.228266329154272557e-02 5.967079181063430493e-01 1.681458745443532266e+01
5.592816323287731484e-01 -1.440496435650324286e-02 8.288526069819640574e-01 9.561609294872274845e+00 4.596530821525942473e-02 9.988496844397917185e-01 -1.365642411422481051e-02 -6.577183878374284198e-01 -8.277023336887798788e-01 4.573625527535452734e-02 5.593004119575790689e-01 1.731969691495257280e+01
5.204231567508231793e-01 -1.290515491200931036e-02 8.538110399311741316e-01 1.035789062454015763e+01 5.025855218036757999e-02 9.986153304466381941e-01 -1.554024531738436299e-02 -6.929795111196919155e-01 -8.524281302522824788e-01 5.099881315891640482e-02 5.203511384651758886e-01 1.781028119715867675e+01
4.808219633965672979e-01 -1.180935771040904705e-02 8.767387757774419699e-01 1.124947489846758764e+01 5.266943723268225491e-02 9.984926986581015296e-01 -1.543569091828742024e-02 -7.029703345013038618e-01 -8.752348633373266962e-01 5.359916021988369444e-02 4.807192134820154616e-01 1.828728544332073369e+01
4.425697194019549974e-01 -1.342025765683122623e-02 8.966337308465359701e-01 1.209131194287951239e+01 5.753958602276493250e-02 9.982524881928012128e-01 -1.345976242607260787e-02 -7.261028145999979255e-01 -8.948860993914096174e-01 5.754882031996501335e-02 4.425685211462602742e-01 1.869573454318006611e+01
4.050907937661493152e-01 -1.435102693699232164e-02 9.141638847991215844e-01 1.298113409861782586e+01 6.203327086217393094e-02 9.980040712618721832e-01 -1.182143378584791724e-02 -7.709601175400998541e-01 -9.121695068557601482e-01 6.149733349709712166e-02 4.051725040647982667e-01 1.908919294390633326e+01
3.689947148909116792e-01 -1.238385210956226626e-02 9.293490495063497780e-01 1.391086614912811115e+01 6.336485703439811989e-02 9.979199395243408821e-01 -1.186121430612434823e-02 -7.973779789928017170e-01 -9.272689354727154942e-01 6.326479876842057426e-02 3.690118861272389528e-01 1.946402163075164182e+01
3.358299091693847660e-01 -1.267054624799259649e-02 9.418374847973908226e-01 1.479392017771270318e+01 6.437832664914032443e-02 9.978800497426023597e-01 -9.530822521646923132e-03 -8.170248296038120639e-01 -9.397199494993098146e-01 6.383466023133763101e-02 3.359336765901640987e-01 1.977577456582493909e+01
3.022344614639884686e-01 -1.390622622286851601e-02 9.531322408240268107e-01 1.577030853857406179e+01 6.661840905967197912e-02 9.977569140034551198e-01 -6.567136144275456493e-03 -8.226267601641652494e-01 -9.509028317106259509e-01 6.548097217683308824e-02 3.024829358172271832e-01 2.007316022138348188e+01
2.690748355375354173e-01 -1.408417198046579312e-02 9.630163513087500737e-01 1.669913217657309801e+01 6.788808963448736411e-02 9.976833392524339095e-01 -4.377325646109835391e-03 -8.555729141890291434e-01 -9.607235893549013195e-01 6.655517241556183072e-02 2.694076295466081294e-01 2.032983571639788423e+01
2.367767721921255619e-01 -1.168708291881248931e-02 9.714938488678566131e-01 1.767584335004155349e+01 6.542179739800950411e-02 9.978499176394727277e-01 -3.940745581967915537e-03 -8.853484462811412881e-01 -9.693588713352470077e-01 6.448995442607557971e-02 2.370322742016588435e-01 2.057640881056807203e+01
2.048956476696708884e-01 -9.559081612279732645e-03 9.787372096765136753e-01 1.866929933147389775e+01 6.521864097642735003e-02 9.978633473273683663e-01 -3.907444035574528934e-03 -8.812872618228321242e-01 -9.766085057286860716e-01 6.463253259293962050e-02 2.050812887596700773e-01 2.080083197410635165e+01
1.745301645248555633e-01 -9.235171480612038367e-03 9.846085836257639778e-01 1.965609319112953202e+01 6.685811335163956148e-02 9.977593790806338347e-01 -2.492646047979350798e-03 -8.961189502169145671e-01 -9.823792973523645111e-01 6.626411794303602165e-02 1.747565563497063545e-01 2.095921314424897020e+01
1.438596074182941498e-01 -9.615153837668840089e-03 9.895514606106389222e-01 2.065534132706152448e+01 6.847705242211213350e-02 9.976526570703798669e-01 -2.612295167991156297e-04 -9.149021541342665653e-01 -9.872259999049033397e-01 6.779915143635201202e-02 1.441803386072641746e-01 2.111180506328391715e+01
1.128017503236398433e-01 -9.946436614485281574e-03 9.935677962100342153e-01 2.172659690842050040e+01 6.778356597020104846e-02 9.976974156866340593e-01 2.292171232793504057e-03 -9.244586123041945713e-01 -9.913026886584921371e-01 6.708901105848900925e-02 1.132162213563240316e-01 2.123822104234670149e+01
8.345082452009078278e-02 -9.911872749661331666e-03 9.964626674526309014e-01 2.277170246848974600e+01 6.825762229930809610e-02 9.976588565002558751e-01 4.207394264917348192e-03 -9.276140180483163356e-01 -9.941713752624409262e-01 6.766506561086206573e-02 8.393201666544106154e-02 2.133297264123829606e+01
5.561872141723347984e-02 -9.670493283451172747e-03 9.984053149457210452e-01 2.385788159835852795e+01 7.056964001717795643e-02 9.974903948658270236e-01 5.730367919348431684e-03 -9.278063905032950531e-01 -9.959549938367754374e-01 7.013839184476362842e-02 5.616158525639089460e-02 2.138816584378732699e+01
3.071675445092223594e-02 -9.313783376431440664e-03 9.994848014289522409e-01 2.491924907850079407e+01 7.479453505078018094e-02 9.971744409537767195e-01 6.993623463801167638e-03 -9.407945958005409226e-01 -9.967257016086292776e-01 7.454118384895246086e-02 3.132658418746357004e-02 2.143155183781006912e+01
7.688371940955079746e-03 -8.660746167776896959e-03 9.999330049661142583e-01 2.600978670499132761e+01 7.927469716732593596e-02 9.968205117010323635e-01 8.024252905300024996e-03 -9.343319103746026144e-01 -9.968230920898946135e-01 7.920769732580601463e-02 8.350506528798689460e-03 2.143045210971373038e+01
-1.307883212077980833e-02 -8.987767168298332540e-03 9.998741411885139208e-01 2.712896446484636925e+01 8.512146467491366053e-02 9.963197002680442838e-01 1.006924557277313372e-02 -9.537418076628909613e-01 -9.962846711573990488e-01 8.524245044558338702e-02 -1.226564454265905921e-02 2.140848351444576991e+01
-3.089429379505395992e-02 -9.232327690609771001e-03 9.994800851869880542e-01 2.824514201761643761e+01 8.957594241913942323e-02 9.959080842062446592e-01 1.196815730150557061e-02 -9.485754272669546516e-01 -9.955006573643089274e-01 8.989912377680744915e-02 -2.994088084068080233e-02 2.138412625162954939e+01
-4.643265656421903531e-02 -9.288267238162496026e-03 9.988783060557686611e-01 2.937535731942973172e+01 9.215192791225791658e-02 9.956528694403327107e-01 1.354193845449019537e-02 -9.441553053308090471e-01 -9.946616994754043928e-01 9.267735549247199667e-02 -4.537487435883938436e-02 2.132682146978534377e+01
-6.119894786512782708e-02 -9.598510431073434962e-03 9.980795013428470641e-01 3.053386910451795799e+01 9.482708823955242339e-02 9.953748350658027100e-01 1.538698440858706634e-02 -9.496836553262295588e-01 -9.936107779890621661e-01 9.558664608738032253e-02 -6.000569219014228323e-02 2.124390641616172815e+01
-7.438318816326652816e-02 -1.046989495394155117e-02 9.971748372389577231e-01 3.166499861174564856e+01 9.504785384008401783e-02 9.953181593348762179e-01 1.754039348256257458e-02 -9.398598636416647389e-01 -9.926897365633156056e-01 9.608404448660352870e-02 -7.303979523420404962e-02 2.116939435777084810e+01
-8.650937512938412788e-02 -1.020838730063777094e-02 9.961988004436612698e-01 3.281121302542448603e+01 9.514262123740908905e-02 9.952924508214626709e-01 1.846123457429986112e-02 -9.365469338173657565e-01 -9.916974721147854277e-01 9.637804094296271995e-02 -8.513087361872798131e-02 2.107732323440664146e+01
-9.846261739809014646e-02 -7.733628107253247286e-03 9.951107661243926428e-01 3.397461445975741867e+01 9.513327885734057521e-02 9.953168301802597373e-01 1.714832457437193841e-02 -9.274008820970968126e-01 -9.905829794145829537e-01 9.635662484645358961e-02 -9.726577319463290683e-02 2.097476336635308414e+01
-1.082917569354808762e-01 -4.375220653219612926e-03 9.941095942877613556e-01 3.513575161645240996e+01 9.564038887603348860e-02 9.953059359532810957e-01 1.479892143400732968e-02 -9.249807016611224508e-01 -9.895077961060196881e-01 9.667963532319676090e-02 -1.073649790410175081e-01 2.084968964302995076e+01
-1.181660322061845875e-01 -2.006226305101866357e-03 9.929918913254754953e-01 3.634063697792415581e+01 9.614005007636165778e-02 9.952769191724306630e-01 1.345150990049890499e-02 -9.169561699660071508e-01 -9.883287646692858752e-01 9.705580767065119518e-02 -1.174150441406885820e-01 2.070912792698279858e+01
-1.249470514621049411e-01 -7.390065230108416178e-04 9.921632024728676003e-01 3.755404851398215271e+01 9.610597529602399325e-02 9.952882308955606216e-01 1.284434270014221842e-02 -9.073417958653823279e-01 -9.874977182479637294e-01 9.695768092280754313e-02 -1.242873052166216380e-01 2.056452786168314262e+01
-1.310709457029929637e-01 2.390993126153376919e-04 9.913730286657551627e-01 3.881497716522227392e+01 9.625431857664534796e-02 9.952784569439248052e-01 1.248589120040632071e-02 -8.939273205328229777e-01 -9.866891006126962127e-01 9.706047884883778343e-02 -1.304751012856003312e-01 2.040532494628271820e+01
-1.366419275124258759e-01 1.684366606252381271e-03 9.906191388763138095e-01 4.008318626523120543e+01 9.686615122504152464e-02 9.952290081443765368e-01 1.166911525765979875e-02 -8.943388419983110404e-01 -9.858731158285243268e-01 9.755195970227731328e-02 -1.361531664542089959e-01 2.022127804165810971e+01
-1.407706015164158220e-01 3.478962723028011968e-03 9.900361943772154616e-01 4.136941173953709239e+01 9.630566363232330451e-02 9.952995826088407716e-01 1.019598889061964532e-02 -8.852342467062167541e-01 -9.853470075004135964e-01 9.678139413150216308e-02 -1.404439631015397538e-01 2.005681062278302207e+01
-1.446894344398453325e-01 4.148082328208339831e-03 9.894684898681187502e-01 4.266864263719323702e+01 9.624679906190478085e-02 9.953082492696141426e-01 9.901554773862064618e-03 -8.877583798696431217e-01 -9.847849459034537789e-01 9.666583119316463080e-02 -1.444098256820457449e-01 1.986424968587906648e+01
-1.478059861767701266e-01 3.503202077975287217e-03 9.890102372442785006e-01 4.401324556469128169e+01 9.640414015857287633e-02 9.952827846705663006e-01 1.088202523788165017e-02 -8.826233891881648530e-01 -9.843066091325822775e-01 9.695311593233314762e-02 -1.474464750541263081e-01 1.965743564872368765e+01
-1.501051005642003999e-01 1.423637704091700908e-03 9.886690868516647690e-01 4.535359621742375680e+01 9.687886905530659898e-02 9.952076369728826144e-01 1.327562415212119387e-02 -8.757967790534331165e-01 -9.839119941213279041e-01 9.777388789732956165e-02 -1.495236611999308518e-01 1.946469890176154038e+01
-1.524481264787081181e-01 1.016213211867338963e-03 9.883110174471516629e-01 4.671935279651773243e+01 9.760520020353595505e-02 9.951262794474606821e-01 1.403249699579463446e-02 -8.614799807840797241e-01 -9.834798739048590255e-01 9.860352865869581596e-02 -1.518043229651775128e-01 1.926028038936356168e+01
-1.548547974132165606e-01 1.050404263789899220e-03 9.879367487026526895e-01 4.813005164220237475e+01 9.891281483410881148e-02 9.949912356133696623e-01 1.444625163836181156e-02 -8.729039262658380149e-01 -9.829731001478122510e-01 9.995668223266092334e-02 -1.541830630207366992e-01 1.905912606772151108e+01
-1.554553877488026037e-01 1.544800557951313442e-03 9.878417722773953358e-01 4.954358621357824433e+01 9.940325601334862315e-02 9.949475090250983200e-01 1.408705189036943417e-02 -8.331598944777711679e-01 -9.828288172247464649e-01 1.003846029087610281e-01 -1.548235073694211872e-01 1.883506242402835795e+01
-1.564913198978895026e-01 2.324199330892584917e-03 9.876766656649000886e-01 5.097310628911356645e+01 1.005258806807620559e-01 9.948416699128596052e-01 1.358665243286823372e-02 -8.445306396474679955e-01 -9.825501936250695678e-01 1.014132661046276002e-01 -1.559177265564046511e-01 1.860442757100994982e+01
-1.563876667357806949e-01 2.940973210080539274e-03 9.876914393573800188e-01 5.243704517933574749e+01 1.007423612647488087e-01 9.948277544736986444e-01 1.298897889717423940e-02 -8.130531453777349871e-01 -9.825445248001820620e-01 1.015336902038656980e-01 -1.558750702687253797e-01 1.837425758878386972e+01
-1.554045566906504805e-01 3.970473434911969690e-03 9.878429987365036080e-01 5.391943387721222791e+01 1.003414061242325489e-01 9.948832470136890205e-01 1.178664679447823625e-02 -8.245070616380963946e-01 -9.827415198386991735e-01 1.009532603961156849e-01 -1.550077912046524120e-01 1.813748242080085049e+01
-1.542414738953794828e-01 3.898228495890623813e-03 9.880255576875345280e-01 5.540861391212180820e+01 1.001911232698222687e-01 9.948992321931384719e-01 1.171557168198999500e-02 -8.168472124129557699e-01 -9.829400670124956996e-01 1.007984237289429458e-01 -1.538452901984960486e-01 1.791457140686855709e+01
-1.527544976484415673e-01 3.478240905746108821e-03 9.882581122586036049e-01 5.691570530768951386e+01 1.006015574548619063e-01 9.948538379767944972e-01 1.204847308885297757e-02 -8.030470313025823703e-01 -9.831303366320929271e-01 1.012607699948096102e-01 -1.523183130615079206e-01 1.767778385042195310e+01
-1.524211240283307733e-01 3.675443645910031649e-03 9.883088703609257397e-01 5.844347118790287254e+01 1.009361190702152411e-01 9.948221294118431146e-01 1.186712639414501738e-02 -8.091141686345751927e-01 -9.831477862043448424e-01 1.015648688663281507e-01 -1.520028905455734214e-01 1.747501871670159090e+01
-1.512091745505253770e-01 4.478414348097491809e-03 9.884917099076728775e-01 5.999860204478347470e+01 1.007031298929308427e-01 9.948568375381777740e-01 1.089726719969447491e-02 -7.922957239192605083e-01 -9.833588021749922747e-01 1.011919821154875776e-01 -1.508824698958866062e-01 1.721919338810917566e+01
-1.500114491741890987e-01 5.093804656480518771e-03 9.886712039593167356e-01 6.156854967650728128e+01 1.015545623800626074e-01 9.947768168410329181e-01 1.028365201615807044e-02 -7.869006707806578405e-01 -9.834546784511074557e-01 1.019467433374296739e-01 -1.497452093543594764e-01 1.696708606412260778e+01
-1.488441354759381940e-01 4.926866513014127938e-03 9.888484619156466815e-01 6.319346424091919090e+01 1.009720771748211787e-01 9.948365399963360334e-01 1.024188981317328620e-02 -7.824181049459140169e-01 -9.836919901656341336e-01 1.013705347390544964e-01 -1.485730590340223478e-01 1.672702325942095314e+01
-1.478556235654339412e-01 3.546580582237661428e-03 9.890026631374296828e-01 6.481399367688213431e+01 1.024530246399999733e-01 9.946684461679308198e-01 1.174980277929618330e-02 -7.840700966233467017e-01 -9.836879387338165470e-01 1.030635950643480625e-01 -1.474306796091109373e-01 1.649481535270120247e+01
-1.473737855381893613e-01 2.115126108927073249e-03 9.890786747977194926e-01 6.644419354873240025e+01 1.049820293556860545e-01 9.943822654764175040e-01 1.351596960494099581e-02 -7.675765486295645923e-01 -9.834935735831523695e-01 1.058273927369774853e-01 -1.467679273179758881e-01 1.625160428720646877e+01
-1.470861479753695633e-01 2.872729639505299491e-03 9.891195801684542488e-01 6.808310617724171721e+01 1.070007635988275280e-01 9.941736309647580816e-01 1.302404740912356876e-02 -7.606909188954007472e-01 -9.833190581146037390e-01 1.077522141501371933e-01 -1.465365524114647933e-01 1.602518650437211178e+01
-1.462676151048887263e-01 3.938903651115842341e-03 9.892372825653767965e-01 6.974400935130341850e+01 1.067920100171915604e-01 9.942109841839805728e-01 1.183145220444653881e-02 -7.804697517173624366e-01 -9.834638375283637490e-01 1.073732028737209299e-01 -1.458415113539614505e-01 1.577503688904829460e+01
-1.452462396022946856e-01 4.289620666981375577e-03 9.893863049804610954e-01 7.142750947393302852e+01 1.074568339923265836e-01 9.941436429680640119e-01 1.146488908928030778e-02 -7.614274604747424124e-01 -9.835427936881501187e-01 1.079815587947278582e-01 -1.448565731685146074e-01 1.552728110680017437e+01
-1.454043424776380600e-01 3.676124722246835487e-03 9.893655516214803214e-01 7.311977298663356351e+01 1.075173208448160778e-01 9.941294819921447923e-01 1.210770237871452819e-02 -7.720067433675579238e-01 -9.835128220916302677e-01 1.081344528002540634e-01 -1.449459890954300501e-01 1.528041392149498634e+01
-1.448382608612988898e-01 3.347063022668297742e-03 9.894497495172827062e-01 7.482601251063441339e+01 1.073953617091893548e-01 9.941395860402276741e-01 1.235789063801812256e-02 -7.478812013755661292e-01 -9.836096699222611761e-01 1.080522159743711741e-01 -1.443489060871070706e-01 1.502542907653011639e+01
-1.452364008458623124e-01 3.042139334766145488e-03 9.893923714594093921e-01 7.655571548956640981e+01 1.086151037542865683e-01 9.940003341832073236e-01 1.288768928488307972e-02 -7.610005574829752373e-01 -9.834170099167255374e-01 1.093347236353816310e-01 -1.446954516029727855e-01 1.479451782748816058e+01
-1.446563606592681517e-01 3.099609776761287801e-03 9.894771655810432609e-01 7.829345590849163727e+01 1.096736493635649956e-01 9.938836723147533858e-01 1.292029985471411860e-02 -7.447357857456589070e-01 -9.833850193101966175e-01 1.103885823024796098e-01 -1.441115388176279766e-01 1.453887535275987908e+01
-1.445124478293631498e-01 3.666245796237495476e-03 9.894962569595755486e-01 8.003869240700880994e+01 1.096664958579169347e-01 9.938919120304795518e-01 1.233387587296761422e-02 -7.489378897583572892e-01 -9.834069759517297671e-01 1.102969927875908918e-01 -1.440318157603228122e-01 1.428014741150507660e+01
-1.455761266141005483e-01 4.597417165223335357e-03 9.893364374927250404e-01 8.183041520929455714e+01 1.088798895106774245e-01 9.939895165522997234e-01 1.140211767915759802e-02 -7.359641867580948293e-01 -9.833374951244442386e-01 1.093787250830968866e-01 -1.452017083334226355e-01 1.401940225766378489e+01
-1.463638455424040863e-01 5.270083666966741444e-03 9.892168530426431738e-01 8.362894681780657891e+01 1.084439112572063296e-01 9.940444478598731148e-01 1.074948618374943141e-02 -7.313667088021688079e-01 -9.832687380191028614e-01 1.088478876702591441e-01 -1.460636748601061297e-01 1.376241612166160699e+01
-1.476307327093730193e-01 5.610899743008782893e-03 9.890267013200666479e-01 8.541170486118987526e+01 1.077648810189929113e-01 9.941215250794508407e-01 1.044612302175645067e-02 -7.440717085458382618e-01 -9.831539887411621104e-01 1.081245204371515806e-01 -1.473675454392704143e-01 1.349866331846158829e+01
-1.491348653795524504e-01 5.300218781332232190e-03 9.888027259828030546e-01 8.723496986490688698e+01 1.069822825847159820e-01 9.942021991341024600e-01 1.080630271378869682e-02 -7.329725364427726042e-01 -9.830124371617094958e-01 1.073959759399349262e-01 -1.488372389791270678e-01 1.325204985422264592e+01
-1.490609145224113252e-01 4.554004255494663138e-03 9.888175949637491025e-01 8.905042410618936799e+01 1.061938783530445851e-01 9.942797549502137011e-01 1.142921081483067383e-02 -7.419024191091037057e-01 -9.831091355716665703e-01 1.067100307403438531e-01 -1.486918552869143373e-01 1.294928123156375044e+01
-1.495410224263350463e-01 3.860547354595561878e-03 9.887480518658847695e-01 9.088160902705764954e+01 1.045014919937979209e-01 9.944532645206207722e-01 1.192227716144130673e-02 -7.249385503578503753e-01 -9.832175696714773316e-01 1.051085227410957501e-01 -1.491149892411187949e-01 1.270078797974053764e+01
-1.518376005733997336e-01 4.592913127844262637e-03 9.883948499442596347e-01 9.275957007261263243e+01 1.042321418187096976e-01 9.944877598662094087e-01 1.139095857534460146e-02 -7.373972490021574178e-01 -9.828941307651368753e-01 1.047520945586829511e-01 -1.514793627815947952e-01 1.244023492481977833e+01
-1.539810933318626895e-01 5.351414437082016931e-03 9.880593688500403093e-01 9.463379003341280793e+01 1.034258145072366880e-01 9.945792762682611476e-01 1.073135569560562143e-02 -7.227112797764547736e-01 -9.826458123463351901e-01 1.038432773800150588e-01 -1.536998771140197784e-01 1.215413230967743274e+01
-1.587130878255407773e-01 5.978171486382751788e-03 9.873067143200685569e-01 9.651424925262389820e+01 1.035028370193616098e-01 9.945724986333580597e-01 1.061628803668123767e-02 -7.262631582230433258e-01 -9.818845081876187431e-01 1.038739962871638445e-01 -1.584704283866426588e-01 1.185332186263842225e+01
-1.631000491571691635e-01 5.688085643536256245e-03 9.865932041050029522e-01 9.839189071841910561e+01 1.021220189462279937e-01 9.947094162997827116e-01 1.114756970563552697e-02 -7.216269024576293933e-01 -9.813100103254963624e-01 1.025710654292378288e-01 -1.628180318414319816e-01 1.155137700076582163e+01
-1.676513363904539311e-01 5.206718002079746901e-03 9.858326683760845199e-01 1.002963604889954183e+02 1.004792220801153102e-01 9.948687859148321877e-01 1.183312092931075588e-02 -7.096132418232361516e-01 -9.807124067346951746e-01 1.010395444076980787e-01 -1.673142468254564530e-01 1.123489643434706053e+01
-1.729589649388310058e-01 5.630587241903428977e-03 9.849130028813062321e-01 1.022243015931140917e+02 9.890748630668112773e-02 9.950280757230930417e-01 1.168057141772578175e-02 -7.134217085817359250e-01 -9.799501901932139436e-01 9.943553500298830949e-02 -1.726559316546803780e-01 1.091305380230242150e+01
-1.769877383952790928e-01 6.942304851236359015e-03 9.841886379102733340e-01 1.041401611742597169e+02 9.920336787113859245e-02 9.950083370770745894e-01 1.082122966103577118e-02 -7.193503105151681787e-01 -9.792006444606305982e-01 9.955005858750262671e-02 -1.767929736479604275e-01 1.057743785144162274e+01
-1.820102010000356485e-01 8.838466161794398743e-03 9.832569847958061438e-01 1.060642386184864705e+02 9.889429654955793347e-02 9.950539048156273880e-01 9.361767719221182615e-03 -7.286814127017714471e-01 -9.783108273690291901e-01 9.894245113242418344e-02 -1.819840334778163871e-01 1.023937406054160526e+01
-1.870923343505446479e-01 9.321202366428169711e-03 9.822981743203976768e-01 1.080175071378109521e+02 9.777058481393606504e-02 9.951666527855116406e-01 9.178455655051950476e-03 -7.259250362473762541e-01 -9.774647009244313844e-01 9.775709162746440417e-02 -1.870993899092161517e-01 9.878646746539523349e+00
-1.918636257947218260e-01 9.050174598891170402e-03 9.813799329820934725e-01 1.099472560764553606e+02 9.657837572200138332e-02 9.952780843146209477e-01 9.703112562309630998e-03 -7.312046774425885465e-01 -9.766579939196171622e-01 9.664176012396674675e-02 -1.918317114615958607e-01 9.504868735250967759e+00
-1.979996774692118211e-01 8.291238539754556408e-03 9.801670838152780618e-01 1.118964901181716840e+02 9.411529769866035233e-02 9.955049684730793436e-01 1.059088047519094258e-02 -7.373002918657056703e-01 -9.756732595864043844e-01 9.434571348473906605e-02 -1.978899934332180310e-01 9.132933208119357715e+00
-2.031027177735985623e-01 7.933672480083760192e-03 9.791253605720842135e-01 1.138683756774812252e+02 9.376486917106265084e-02 9.955292901584782417e-01 1.138332219718696768e-02 -7.392263570517692006e-01 -9.746575330033795392e-01 9.411955066757962673e-02 -2.029386025922721437e-01 8.733181169502376662e+00
-2.086567931706671264e-01 7.735960354940441680e-03 9.779583969288160317e-01 1.158397454931947692e+02 9.359884351314701201e-02 9.955365190749972948e-01 1.209520424583294951e-02 -7.298175329551446211e-01 -9.734995997802152745e-01 9.405952713361913353e-02 -2.084495328754852328e-01 8.333309584261872516e+00
-2.145945108387660449e-01 9.086070744356173831e-03 9.766610299661179218e-01 1.178224861790642990e+02 9.441610477552182801e-02 9.954665777854145858e-01 1.148433386126412187e-02 -7.402352340204908510e-01 -9.721289353928105337e-01 9.467701083607565904e-02 -2.144795331028113983e-01 7.915020997107641954e+00
-2.200851042216729059e-01 1.002255447005049802e-02 9.754292507459156880e-01 1.197961695036386658e+02 9.356037957916792103e-02 9.955541503333777964e-01 1.088059801935053507e-02 -7.371370054153993934e-01 -9.709834574098763493e-01 9.365619410747286211e-02 -2.200443513165135367e-01 7.478272918237638400e+00
-2.255861873171556009e-01 1.004155149694406848e-02 9.741715284916162565e-01 1.217717096807663211e+02 9.423568084849222315e-02 9.954827901705091131e-01 1.156067426291266728e-02 -7.500350557249042538e-01 -9.696547742191896635e-01 9.440965134391279823e-02 -2.255134379999702843e-01 7.018496938130645013e+00
-2.319927062690771979e-01 1.020450755972908581e-02 9.726640630087054484e-01 1.237913972463471168e+02 9.367553371707509902e-02 9.955316775712789168e-01 1.189838714729303006e-02 -7.416470609501548683e-01 -9.681963394118110466e-01 9.387516987910507482e-02 -2.319119991350087340e-01 6.562562341411689815e+00
-2.367657547370979887e-01 1.085683278386846348e-02 9.715061674945019154e-01 1.258020182839326964e+02 9.326215670014371961e-02 9.955739730899352269e-01 1.160312592901748679e-02 -7.479516497523043261e-01 -9.670801522385812365e-01 9.335198886461125445e-02 -2.367303531643026593e-01 6.087648206160340081e+00
-2.425542972590061519e-01 1.125635624174660399e-02 9.700725920657345958e-01 1.278133998869888757e+02 9.208304624097572721e-02 9.956852591742247904e-01 1.147064082973504873e-02 -7.473186985456612419e-01 -9.657577331891434858e-01 9.210949804048994272e-02 -2.425442562944395419e-01 5.602474103457571353e+00
-2.464279095445782164e-01 1.068577073468929793e-02 9.691022784013980651e-01 1.298173605350335720e+02 9.288108233426438376e-02 9.955969691020052359e-01 1.264033114931969667e-02 -7.478644581074525011e-01 -9.647000901471832757e-01 9.312620443427176153e-02 -2.463353841898617558e-01 5.100522589522640260e+00
-2.504372490977553323e-01 1.053805122412946639e-02 9.680755444594032477e-01 1.318385662204488256e+02 9.544117844669998407e-02 9.953386392578824626e-01 1.385542742575295722e-02 -7.457540067940169326e-01 -9.634168567908397707e-01 9.586419168235635335e-02 -2.502756331578493976e-01 4.575027885417326523e+00
-2.543944948337660272e-01 1.098619637051237267e-02 9.670381948332805733e-01 1.338587244611358074e+02 9.594457323119938430e-02 9.952891642084489288e-01 1.393257581877281603e-02 -7.465319118374573737e-01 -9.623294416989280897e-01 9.632644328811106049e-02 -2.542501484598687078e-01 4.051260563483098487e+00
-2.569106612716599569e-01 1.145433086526067429e-02 9.663673401149364128e-01 1.358799835039612844e+02 9.603764291561669997e-02 9.952829378705272401e-01 1.373473391199655363e-02 -7.399528863416908742e-01 -9.616514742556353523e-01 9.633624690566708337e-02 -2.567988430543883260e-01 3.514293922988468655e+00
-2.605445075638412877e-01 1.134869562034607551e-02 9.653951999311579657e-01 1.379363103361935714e+02 9.534214415548790400e-02 9.953456777168978586e-01 1.403052437107578029e-02 -7.331168369700314935e-01 -9.607425826218477516e-01 9.569843012553647110e-02 -2.604138568289630640e-01 2.980351084293771269e+00
-2.643228299636274370e-01 1.184531064203226194e-02 9.643615791190408570e-01 1.400117256077885486e+02 9.478367095499508344e-02 9.954028910355696702e-01 1.375276250109100547e-02 -7.321156627988348875e-01 -9.597652694779202909e-01 9.504090538814007061e-02 -2.642304495393195674e-01 2.424435987664946612e+00
-2.687805729584940573e-01 1.221511813275492388e-02 9.631240414832992203e-01 1.420655575834549040e+02 9.296706782577547623e-02 9.955801127578488563e-01 1.331772088939778449e-02 -7.343942032414513266e-01 -9.587043357911163577e-01 9.311836826680619517e-02 -2.687281952529378959e-01 1.872853191237100479e+00
-2.736506911709521428e-01 1.239900677417884664e-02 9.617492855728585477e-01 1.441405199023051580e+02 9.274658159432208615e-02 9.955974856092233427e-01 1.355420850766792147e-02 -7.252045036474225048e-01 -9.573469834669099399e-01 9.290808261981295391e-02 -2.735959039649481506e-01 1.312001730922415232e+00
-2.780390933455034741e-01 1.265712546024135368e-02 9.604864308652587557e-01 1.461838033579794853e+02 9.294866312152277876e-02 9.955754428916985255e-01 1.378701723292799844e-02 -7.257982335452398681e-01 -9.560620716527660212e-01 9.310926498591416689e-02 -2.779853547976417483e-01 7.127176648575868079e-01
-2.825777298226680445e-01 1.327177057542641529e-02 9.591526523504533275e-01 1.482740644390623288e+02 9.252724358487808554e-02 9.956188572195048270e-01 1.348327367672460739e-02 -7.182331303865231442e-01 -9.547713927498717723e-01 9.255782943642912319e-02 -2.825677152013737481e-01 1.311963691855035918e-01
-2.868384066047504066e-01 1.331983352975897594e-02 9.578864410820107089e-01 1.504001220159036620e+02 9.189133324757370325e-02 9.956751836978252612e-01 1.367149560048641459e-02 -7.202950702541415229e-01 -9.535615283350782345e-01 9.194297760244643514e-02 -2.868218588630226940e-01 -4.904777466545333642e-01
-2.911902866273315404e-01 1.290367950701357125e-02 9.565781908311767889e-01 1.524433891594376576e+02 9.204285046113531987e-02 9.956481835005859260e-01 1.458789616215770517e-02 -7.158879293295845603e-01 -9.522269729139415384e-01 9.229404248088160512e-02 -2.911107697929868343e-01 -1.108146018757691476e+00
-2.951194954653130198e-01 1.302642107615935817e-02 9.553716128250350215e-01 1.545496090304927179e+02 9.233991896889064133e-02 9.956153173209720819e-01 1.494916762292937060e-02 -7.112266399810533990e-01 -9.509877498495211690e-01 9.263073358793666445e-02 -2.950283472100920235e-01 -1.735181835362302749e+00
-2.997860936838888102e-01 1.346033946321159927e-02 9.539115471429027160e-01 1.566717203579130171e+02 9.307554355896241471e-02 9.955429710820788980e-01 1.520309915358341452e-02 -7.090903294027118831e-01 -9.494551696616294612e-01 9.334351898811896198e-02 -2.997027652272464260e-01 -2.382056605816865957e+00
-3.031057044842502823e-01 1.434934636909919632e-02 9.528489651484672862e-01 1.587749451256530904e+02 9.315708778661661860e-02 9.955437632624991595e-01 1.464140447747880672e-02 -6.979175192807371975e-01 -9.483926228880614762e-01 9.320253342274437136e-02 -3.030917354493004034e-01 -3.037389883984520367e+00
-3.064063845491394877e-01 1.616340913986076197e-02 9.517636227923100822e-01 1.608911219870732623e+02 9.358914320073725979e-02 9.955230886794513845e-01 1.322310348884417168e-02 -7.024038528385758706e-01 -9.472888040590395908e-01 9.312639082231981280e-02 -3.065473483717983116e-01 -3.711527214293460109e+00
-3.099949151468174291e-01 1.719229831559502403e-02 9.505828207643683969e-01 1.630264379213615769e+02 9.417825307077833108e-02 9.954742357008358189e-01 1.270830305236461157e-02 -6.991464776073641474e-01 -9.460620952341263212e-01 9.346374431401963112e-02 -3.102110902713481333e-01 -4.392695481959352222e+00
-3.133309641304558024e-01 1.787782348741037697e-02 9.494757562694774444e-01 1.651315212520207467e+02 9.377489337674667358e-02 9.955186562615725432e-01 1.220133948420342590e-02 -7.015723722851243682e-01 -9.450025689833674303e-01 9.286005074988178121e-02 -3.136033097922310553e-01 -5.090252580581585029e+00
-3.168114696836117905e-01 1.795452972093167926e-02 9.483186429936458772e-01 1.672897469118315996e+02 9.352401854112873947e-02 9.955398554640264575e-01 1.239566158503096864e-02 -6.987317454382433457e-01 -9.438663200003167830e-01 9.261766357010385586e-02 -3.170776229355253273e-01 -5.779042280282344457e+00
-3.205316856787404634e-01 1.823026750213065095e-02 9.470624143216639368e-01 1.694029358464833592e+02 9.381069923056475912e-02 9.955104785182317118e-01 1.258722156317892450e-02 -7.009017754671751366e-01 -9.425809625190409990e-01 9.287919612268429048e-02 -3.208028443606096847e-01 -6.488042696352955829e+00
-3.244327086844511765e-01 1.849977555623347897e-02 9.457279187519853636e-01 1.715427843796587695e+02 9.468690901435637686e-02 9.954220777183618862e-01 1.301056087644979903e-02 -6.988318884705551071e-01 -9.411576312424030366e-01 9.376911044692806674e-02 -3.246991659538432384e-01 -7.206939007729513236e+00
-3.280553895330918790e-01 1.892381868755094176e-02 9.444689887132845518e-01 1.736835549595054147e+02 9.682579849475721201e-02 9.952071685046256500e-01 1.369140825607907327e-02 -7.012189187321210548e-01 -9.396830883263085354e-01 9.594050997547437509e-02 -3.283153876160778140e-01 -7.948324926288360182e+00
-3.305755229260418093e-01 1.867871472360824181e-02 9.435947483928702750e-01 1.758062005680889968e+02 9.779076821350043969e-02 9.951004622481850470e-01 1.456138055028663794e-02 -6.940574916011296169e-01 -9.386994566151917185e-01 9.708849713087261413e-02 -3.307824599660692533e-01 -8.680996543914613284e+00
-3.331232562287109178e-01 1.839366900185390383e-02 9.427039242581513045e-01 1.779670232307685183e+02 9.795999589672839403e-02 9.950742576398787786e-01 1.520062817673322950e-02 -6.906183699062475867e-01 -9.377806865929128044e-01 9.741096114502240111e-02 -3.332842190684198180e-01 -9.443920165627339713e+00
-3.361282296247086743e-01 1.856135255123405117e-02 9.416333728618786481e-01 1.801575191860445386e+02 9.665388217356320200e-02 9.952067511641181641e-01 1.488447720186766680e-02 -6.796293042279655250e-01 -9.368434882010856501e-01 9.601561976359046513e-02 -3.363111085985834303e-01 -1.020417088384757598e+01
-3.388985820980415786e-01 2.036415479718843569e-02 9.406025576504296604e-01 1.823136825298359440e+02 9.578006931610684449e-02 9.953181377108210048e-01 1.296075864984679894e-02 -6.770117936493660338e-01 -9.359347256697826412e-01 9.448336649536132059e-02 -3.392623842026048497e-01 -1.096479678865441798e+01
-3.422464777130391766e-01 2.167039146264041968e-02 9.393603470120842625e-01 1.844766545849752788e+02 9.511522787191480088e-02 9.953976133650628277e-01 1.169114877274968038e-02 -6.871016404228960095e-01 -9.347835704481647356e-01 9.334873344881798596e-02 -3.427325097598626913e-01 -1.174700470571153232e+01
-3.454140814152393824e-01 2.281857866365119558e-02 9.381729816281968448e-01 1.866906597250147115e+02 9.426193694178398863e-02 9.954921370590839036e-01 1.049240470709699065e-02 -6.770166143360980548e-01 -9.337042795079656399e-01 9.205823216240562046e-02 -3.460079239429927900e-01 -1.253092541248984659e+01
-3.483535909370422123e-01 2.351615002422806355e-02 9.370682391012632451e-01 1.888462668850235104e+02 9.247141371172559743e-02 9.956710687885126365e-01 9.389289193771438446e-03 -6.833428863523476338e-01 -9.327908102009349056e-01 8.992282263842930889e-02 -3.490201622865547471e-01 -1.333273946349403971e+01
