9.999999999999998890e-01 0.000000000000000000e+00 4.065758146820641628e-20 0.000000000000000000e+00 1.734723475976807094e-18 1.000000000000000000e+00 -8.673617379884035472e-19 -1.387778780781445676e-17 6.776263578034402713e-21 0.000000000000000000e+00 1.000000000000000000e+00 0.000000000000000000e+00
9.999950881827652793e-01 -1.340101173729833263e-03 -2.833327151184319038e-03 -6.006432571093268946e-03 1.337716275323103804e-03 9.999987496326143699e-01 -8.433555866254544356e-04 -1.811238535158631036e-02 2.834453409792404670e-03 8.395613265491574592e-04 9.999956304938624196e-01 6.868923953077692435e-01
9.999784710623914608e-01 -6.246897130255182895e-04 -6.532012668099951465e-03 -1.513898616750631969e-02 6.151760076239260605e-04 9.999987473700243656e-01 -1.458360318134427347e-03 -2.559826131520998721e-02 6.532914633615285148e-03 1.454310708040412216e-03 9.999776027460747230e-01 1.419648280455842793e+00
9.999415414785808309e-01 -7.087193248318662819e-04 -1.078941026458981288e-02 -2.109569153072806194e-02 6.845345085460209297e-04 9.999972455848228359e-01 -2.245045999562552720e-03 -2.409047233433498497e-02 1.079097020846530794e-02 2.237529225959354780e-03 9.999392723546551842e-01 2.119211460987163509e+00
9.998820385270902333e-01 1.092377927680569794e-03 -1.532043730416811703e-02 -4.762013134807775716e-02 -1.137068820800772595e-03 9.999951232981618698e-01 -2.908684519544738750e-03 -2.830089196187912659e-02 1.531718315882821431e-02 2.925762052255174300e-03 9.998784044909818647e-01 2.862131132495004060e+00
9.997998057183892229e-01 -2.125639817717869459e-04 -2.000758323498486035e-02 -6.874335777218706922e-02 1.577768732423864839e-04 9.999962341459218695e-01 -2.739853038676632636e-03 -4.044328343458380992e-02 2.000808760383598200e-02 2.736148043228285413e-03 9.997960741297206022e-01 3.603602463419869117e+00
9.996989324566756263e-01 9.173369980079431468e-04 -2.451944246659045964e-02 -8.564736037639086863e-02 -1.009622603536397892e-03 9.999924527992903878e-01 -3.751665771190086131e-03 -5.651464033561382633e-02 2.451581258991081952e-02 3.775291980974075472e-03 9.996923136610863514e-01 4.361454269428389985e+00
9.995564266003281739e-01 3.999720911609015717e-03 -2.951190350128861731e-02 -1.276330460855493454e-01 -4.132923689463394515e-03 9.999815405045711092e-01 -4.453938747838011303e-03 -6.975868028104656449e-02 2.949354026936947329e-02 4.573933947532059403e-03 9.995545057966960245e-01 5.139679841465609300e+00
9.994086614163950610e-01 5.484902860501017496e-03 -3.394471314355083924e-02 -1.605960317810861127e-01 -5.621096498635650904e-03 9.999765255010437670e-01 -3.918123931047055343e-03 -7.505671379302980561e-02 3.392242124154361965e-02 4.106613871471213179e-03 9.994160319214407950e-01 5.942449419151647483e+00
9.992480456676107181e-01 6.146023510720789035e-03 -3.828276243866890471e-02 -2.059498240031979177e-01 -6.218447073166807892e-03 9.999790933694486794e-01 -1.773052962902752980e-03 -9.409863005482393961e-02 3.827105972801433248e-02 2.009779242796414650e-03 9.992653734231089491e-01 6.750963554279126200e+00
9.991095002674175163e-01 5.004456680602650635e-03 -4.189465603115306858e-02 -2.313329835653309130e-01 -4.979596246095540843e-03 9.999873583222328444e-01 6.977134606244396117e-04 -9.375872069941593168e-02 4.189761247776684766e-02 -4.884736746476074296e-04 9.991217899534378111e-01 7.554590032420187562e+00
9.990089358903758709e-01 4.906044465357898947e-03 -4.423886396012483013e-02 -2.690878798388058324e-01 -4.879040604848436380e-03 9.999878393936345589e-01 7.183419684577314890e-04 -1.118901647370421359e-01 4.424184428058960256e-02 -5.017868306984012844e-04 9.990207240550478263e-01 8.359635947769415765e+00
9.989061519894361085e-01 4.508451684563741756e-03 -4.654217181026190642e-02 -3.179954694874618792e-01 -4.504695684435771480e-03 9.999898365831123570e-01 1.855673286086335569e-04 -1.145145358575601624e-01 4.654252917005691215e-02 2.429402027053894492e-05 9.989163088189830786e-01 9.191824922748121907e+00
9.988326296518637015e-01 3.209732891401236542e-03 -4.819829823273028696e-02 -3.497214320907110485e-01 -3.212400549173139927e-03 9.999948399798787024e-01 2.210030688132129384e-05 -1.282875129470508191e-01 4.819811400748737207e-02 1.327577872449817176e-04 9.988377865271084177e-01 1.002521535537801611e+01
9.987148436601922530e-01 2.942016191801186467e-03 -5.059650208519339554e-02 -3.963250402899767266e-01 -2.919439080545120288e-03 9.999956031700527603e-01 5.201057464924475904e-04 -1.415532312102952273e-01 5.059780300097908856e-02 -3.717239080787606426e-04 9.987190414371341918e-01 1.086651974623683259e+01
9.986493112714426301e-01 -2.063669634412585580e-04 -5.195681815870997061e-02 -4.460298163560330598e-01 2.196720215361554207e-04 9.999999445298149992e-01 2.503706070449947599e-04 -1.570212906428032351e-01 5.195675664375071917e-02 -2.614458701989848255e-04 9.986493011266869280e-01 1.174378462604480156e+01
9.985485309026392864e-01 1.777604655706862408e-03 -5.383002908037256423e-02 -4.994438456131194970e-01 -1.855215572740744057e-03 9.999973104592397855e-01 -1.391848591656395968e-03 -1.600602263489304122e-01 5.382740293396739290e-02 1.489694844490383613e-03 9.985491430233631727e-01 1.258878715410869198e+01
9.984664504192042322e-01 3.912982229217413024e-03 -5.522170282583063750e-02 -5.558296188253410985e-01 -4.119111674454053323e-03 9.999849661253328303e-01 -3.619450659325676271e-03 -1.728805138779253570e-01 5.520670239120387124e-02 3.841364778214388653e-03 9.984675575307137008e-01 1.346853043032707653e+01
9.983743714290137516e-01 6.953759911550141254e-03 -5.657084263976710353e-02 -6.226009353916401867e-01 -7.267353322046031169e-03 9.999593364695500419e-01 -5.339564192706407024e-03 -1.884711642384671038e-01 5.653140465703632850e-02 5.742004870002725449e-03 9.983843093542275060e-01 1.435877827038319055e+01
9.982970059874598512e-01 7.573368291113623252e-03 -5.784230712732087165e-02 -6.828016646339845064e-01 -7.891175290297817307e-03 9.999549879483614623e-01 -5.267958757948544742e-03 -2.012519544022879359e-01 5.779979960004426320e-02 5.715431764054244336e-03 9.983118332873698320e-01 1.523427827560033521e+01
9.982164442499175117e-01 7.772767431570891741e-03 -5.919049842967855773e-02 -7.384744463703275530e-01 -8.026793735604340410e-03 9.999595623555501689e-01 -4.055144682928881091e-03 -2.204855439907091041e-01 5.915657729148710020e-02 4.523022455603908573e-03 9.982384690442447361e-01 1.614315081770864424e+01
9.981464582122978602e-01 7.216691103457508957e-03 -6.042820480254281618e-02 -8.008023064845745109e-01 -7.420936308698855913e-03 9.999674833579311750e-01 -3.156247599187594552e-03 -2.467954476509116590e-01 6.040345413037596922e-02 3.598831573701897872e-03 9.981675563575131971e-01 1.704972647549424281e+01
9.980642583820965585e-01 7.447502726636395093e-03 -6.174359461454970860e-02 -8.610702562787095893e-01 -7.629381034829352259e-03 9.999672223375959401e-01 -2.710491340998857392e-03 -2.647568774684285753e-01 6.172137614948077639e-02 3.176310258819518666e-03 9.980883639131903351e-01 1.796407538571773443e+01
9.979851161193592501e-01 7.172990568988017041e-03 -6.304170734941703935e-02 -9.181384612089448227e-01 -7.392287486598887042e-03 9.999674080197697990e-01 -3.246067105767426984e-03 -2.634956869887928876e-01 6.301636025054614676e-02 3.705549444962664626e-03 9.980056145239686316e-01 1.886429010360283698e+01
9.979062919324345193e-01 7.286825767148376320e-03 -6.426457321271100698e-02 -9.721917148966140454e-01 -7.524163017541322940e-03 9.999657350645753118e-01 -3.451902979892478539e-03 -2.829240885158806895e-01 6.423720917631213501e-02 3.928213210313769715e-03 9.979269259085882249e-01 1.977980588531753270e+01
9.978704478858333449e-01 7.068133453499882493e-03 -6.484297505353853186e-02 -1.036243229996383297e+00 -7.231440753948187306e-03 9.999712439906529582e-01 -2.284168835420008828e-03 -2.991632211910825734e-01 6.482495693869184950e-02 2.748212997426333244e-03 9.978928658048278333e-01 2.070867109063893352e+01
9.978941745963996190e-01 7.048347596908815724e-03 -6.447897164145259541e-02 -1.108902176285772700e+00 -6.997429636530065958e-03 9.999750020888019675e-01 1.015457968776173857e-03 -3.052918645348881577e-01 6.448450846554121263e-02 -5.621325095510080680e-04 9.979185495394296002e-01 2.164357492233411762e+01
9.979207642836395165e-01 7.193494402382804957e-03 -6.405000018488810065e-02 -1.172992968996790619e+00 -6.898594404879750466e-03 9.999645678004214222e-01 4.824160454054108628e-03 -3.124389677843192881e-01 6.408242473709530040e-02 -4.372275211540389492e-03 9.979350306459392472e-01 2.258174132998498251e+01
9.980295636497210632e-01 7.244312501180141806e-03 -6.232584263155650089e-02 -1.220928687741734242e+00 -6.784754183150771070e-03 9.999482392975490574e-01 7.581940698953493728e-03 -3.232022009621587921e-01 6.237753418927838994e-02 -7.144135971223818625e-03 9.980270557049705227e-01 2.351445880561051283e+01
9.981369932247289301e-01 5.290414867772597063e-03 -6.078285015233005767e-02 -1.288756088546888501e+00 -4.801845932811141596e-03 9.999550042286031726e-01 8.181185186322395553e-03 -3.320454305693311126e-01 6.082338888989219372e-02 -7.874074289028434870e-03 9.981174849259893955e-01 2.446930197969271958e+01
9.982193106093650847e-01 6.239926217151223024e-03 -5.932345093935174202e-02 -1.342933476702912410e+00 -5.875503106892686345e-03 9.999627963056849644e-01 6.315414406764455549e-03 -3.373623148719350207e-01 5.936064365161321243e-02 -5.955613926399970851e-03 9.982188357633146047e-01 2.540013846620379923e+01
9.982382360253926334e-01 9.452065765479241571e-03 -5.857544858465938559e-02 -1.416182051659391483e+00 -9.391119893408465119e-03 9.999550369598096955e-01 1.315633904683940689e-03 -3.571151098408265057e-01 5.858524246846807254e-02 -7.632270122909399698e-04 9.982821175877607534e-01 2.637384299012646949e+01
9.983064904157584740e-01 8.895833480558234391e-03 -5.748926774592452715e-02 -1.474574744184993014e+00 -8.990773262650960523e-03 9.999586118667366241e-01 -1.393023076986413950e-03 -3.718693767378782322e-01 5.747448857786014581e-02 1.907537163117152545e-03 9.983451527080077215e-01 2.732614037550755270e+01
9.983572688348750779e-01 8.630625893224556228e-03 -5.664165085021504592e-02 -1.522627671474369615e+00 -8.681085696371017985e-03 9.999621106962955919e-01 -6.448952587568869410e-04 -3.882703564652517647e-01 5.663393130619771842e-02 1.135547042859812693e-03 9.983943648884382460e-01 2.828193682051189484e+01
9.983958815919964369e-01 3.611102005241914256e-03 -5.650331041882862559e-02 -1.574752549465718632e+00 -3.372432451936640749e-03 9.999849873770773057e-01 4.318763527159489440e-03 -3.908617015072567979e-01 5.651805007561298833e-02 -4.121282407087790978e-03 9.983930711511136424e-01 2.926374967064094790e+01
9.983400714777047602e-01 -1.126293727001345842e-03 -5.758327602655743255e-02 -1.644262840199887110e+00 1.568362514066977582e-03 9.999696427173389024e-01 7.632423950335357442e-03 -3.889694060090623795e-01 5.757292387814080120e-02 -7.710066705969242928e-03 9.983115309167357454e-01 3.023302170726054783e+01
9.982427198567587201e-01 -1.057593594566072666e-02 -5.830628084521017468e-02 -1.678307877176828722e+00 1.101491446196705901e-02 9.999133210948523143e-01 7.212625025992775926e-03 -4.077170297147915679e-01 5.822493883803141895e-02 -7.842189719321131583e-03 9.982726861936371821e-01 3.122354406350872580e+01
9.981577984759525402e-01 -1.029119919332152112e-02 -5.979214948491926029e-02 -1.743452532660865417e+00 1.052387733327099333e-02 9.999382214830062621e-01 3.577879830050757250e-03 -4.310478070110321802e-01 5.975162691733793691e-02 -4.200534201469863921e-03 9.982044369832903108e-01 3.220947247761412058e+01
9.980793173268287521e-01 -8.750463928725318863e-03 -6.132785915277729621e-02 -1.810516742409397084e+00 8.744844929366848985e-03 9.999616983096144551e-01 -3.599989699321539532e-04 -4.515339097459551421e-01 6.132865212083354195e-02 -1.769950606028691809e-04 9.981176105553019040e-01 3.320505015224652112e+01
9.979686628398363180e-01 -7.076675889845895906e-03 -6.331247336973309936e-02 -1.866849351895442766e+00 6.999313371733270964e-03 9.999744624822501926e-01 -1.443604702346291610e-03 -4.611266279923135758e-01 6.332106395536385435e-02 9.975285434922244454e-04 9.979927089720215250e-01 3.418634554869657904e+01
9.978962529686331573e-01 -1.030723674424593311e-02 -6.400648277922013629e-02 -1.937825063801229986e+00 1.033770697119387738e-02 9.999465539767290467e-01 1.449146744311007040e-04 -4.861461966657675826e-01 6.400155962770191775e-02 -8.062900929575438774e-04 9.979494724734216948e-01 3.518951513068607539e+01
9.978502265339673771e-01 -8.529269535878014619e-03 -6.497828589036797053e-02 -2.004630458644984792e+00 8.717462359284850609e-03 9.999585874149576892e-01 2.613294623627197139e-03 -4.705736899247685012e-01 6.495329675960352656e-02 -3.174122604339382932e-03 9.978832564544322103e-01 3.621750399059881431e+01
9.977879261488917795e-01 -6.000842648209409047e-03 -6.620607984717453987e-02 -2.086651504892590658e+00 6.277861241954709771e-03 9.999723857662748960e-01 3.976955159001647686e-03 -4.948276460235073171e-01 6.618037765400854033e-02 -4.383790729887584656e-03 9.977980453445869369e-01 3.722024088682681509e+01
9.977084252689591981e-01 -7.295147377938010838e-03 -6.726573930325220607e-02 -2.160295481932005934e+00 7.753190856317250697e-03 9.999484852714715100e-01 6.550942301087881760e-03 -4.960732347591632618e-01 6.721447501408135683e-02 -7.057454967885077972e-03 9.977135891405987111e-01 3.820101124195788600e+01
9.977081644126167825e-01 -5.833006204235460096e-03 -6.741213107525825809e-02 -2.217816992539564769e+00 6.497099747383127712e-03 9.999324631345558601e-01 9.636227392224866115e-03 -5.204986590732264551e-01 6.735136105400303663e-02 -1.005212685270601841e-02 9.976786798278337587e-01 3.922051508270391906e+01
9.976841050498232999e-01 -3.264076791683882817e-03 -6.793948083615919398e-02 -2.292003937320100437e+00 4.080372935900262316e-03 9.999211078071629233e-01 1.187976152733653118e-02 -5.085845948961773555e-01 6.789533537223407800e-02 -1.212946860360928671e-02 9.976187140826319188e-01 4.023368119696569067e+01
9.977036224766282491e-01 -1.806745034059211406e-03 -6.770685407145986268e-02 -2.375133315699728520e+00 2.606158421927203157e-03 9.999279160946916711e-01 1.172051909590757918e-02 -5.270225279852712719e-01 6.768078842236792403e-02 -1.187006006217305489e-02 9.976364126367471830e-01 4.121810104194467783e+01
9.977019021992724612e-01 -1.218751342222205991e-03 -6.774532982662824498e-02 -2.445472273210289593e+00 1.923773983786514208e-03 9.999446623202820073e-01 1.034269815563572392e-02 -5.284083249364153190e-01 6.772896669051441110e-02 -1.044925712492635744e-02 9.976490361655598882e-01 4.222090959053353743e+01
9.977079388249618930e-01 2.721855891114233206e-03 -6.761258042324057305e-02 -2.519489322314796276e+00 -2.176648267782689897e-03 9.999645327812729523e-01 8.136054796804528810e-03 -5.408556548272577258e-01 6.763231849145084906e-02 -7.970238247633857145e-03 9.976784772994772288e-01 4.321702297123756864e+01
9.976464451845753478e-01 2.957284004482269718e-03 -6.850420151762597054e-02 -2.586301445406949728e+00 -2.406729271957756475e-03 9.999641527589203660e-01 8.117934251261721759e-03 -5.571115702124141977e-01 6.852574367832502122e-02 -7.933957769283364603e-03 9.976177995698630729e-01 4.420425070311966920e+01
9.975662550543691331e-01 8.127474381791500307e-04 -6.972020497131944938e-02 -2.660562924630068160e+00 -1.722188121749020084e-04 9.999577318813130944e-01 9.192649368957082553e-03 -5.707536656011829024e-01 6.972471997786104658e-02 -9.158270363362211453e-03 9.975242296476616310e-01 4.519604689636205563e+01
9.975054009413034661e-01 -8.514340566410597694e-04 -7.058506166835078199e-02 -2.726941864924830927e+00 1.564215857128784491e-03 9.999483389157259872e-01 1.004354231728741068e-02 -5.632826628190876761e-01 7.057285428351003920e-02 -1.012889874810077653e-02 9.974552004259811255e-01 4.619509469061516427e+01
9.974804441894904450e-01 1.803258554525933276e-03 -7.091905602599657410e-02 -2.813056568989277473e+00 -1.254369317578074919e-03 9.999689219191104650e-01 7.783428642281786138e-03 -5.961925006518004055e-01 7.093087801904364442e-02 -7.674859737557334673e-03 9.974517062364861575e-01 4.717735366001390673e+01
9.974120450880356037e-01 5.061566752716926965e-03 -7.171885157683741130e-02 -2.897538650325094167e+00 -4.895471358574654541e-03 9.999849132831130083e-01 2.491496917661017649e-03 -5.996407964800051227e-01 7.173037084105733652e-02 -2.133951561530601782e-03 9.974217760521364440e-01 4.816037396875263710e+01
9.973912456272161497e-01 5.558603602483672829e-03 -7.197086838136777798e-02 -2.974118842839387877e+00 -5.464081834328143872e-03 9.999839315139672502e-01 1.510135826702847794e-03 -6.233917093474506954e-01 7.197809652145020776e-02 -1.112941563896833845e-03 9.974055916086486118e-01 4.913026818314815358e+01
9.973754656226316850e-01 5.037008724592970631e-03 -7.222748745352416955e-02 -3.026171503439712751e+00 -4.695125056496834634e-03 9.999769607920135917e-01 4.902415784067552448e-03 -6.232195216484662792e-01 7.225050721669921960e-02 -4.550432445886704383e-03 9.973761361443007623e-01 5.011653604778048532e+01
9.973697407069532783e-01 2.418295198673604471e-03 -7.244137625120977697e-02 -3.113179614473268408e+00 -1.809075621853178592e-03 9.999624564144031780e-01 8.474255958578844755e-03 -6.405083428112621213e-01 7.245914007675091639e-02 -8.320915157486742306e-03 9.973366706186045372e-01 5.108254660553937754e+01
9.973543577243858538e-01 2.371594436380571741e-03 -7.265439763050036970e-02 -3.184832651617373500e+00 -1.738622231438440024e-03 9.999599954077255104e-01 8.774097346811955689e-03 -6.462547349145552067e-01 7.267228997454409922e-02 -8.624566314907367720e-03 9.973185821448219412e-01 5.203340165003525186e+01
9.973522113478802131e-01 -4.833792159190984997e-04 -7.272093018277088483e-02 -3.260099747639573664e+00 1.060353943985000401e-03 9.999682662785507326e-01 7.895701205957592755e-03 -6.614998548403161482e-01 7.271479610444570030e-02 -7.951905572100813335e-03 9.973210740731840440e-01 5.301392917399750360e+01
9.973163829078625087e-01 -3.554451382897276523e-03 -7.312591256034435550e-02 -3.316602320391449421e+00 4.053029497720260499e-03 9.999695360321109172e-01 6.670829993314201373e-03 -6.795262699645858717e-01 7.309996390556507129e-02 -6.949310029694559521e-03 9.973004068609884198e-01 5.399565501236474319e+01
9.972464119987555220e-01 -3.496594499467714154e-03 -7.407677390124993433e-02 -3.391036841119523082e+00 4.061456103547390895e-03 9.999638055907806855e-01 7.476101695554478350e-03 -6.818368080967389666e-01 7.404794190389482611e-02 -7.756375731469132041e-03 9.972245183870918073e-01 5.494113250570288187e+01
9.971580941788004138e-01 -6.533974586797252834e-03 -7.505360258908062854e-02 -3.457632813760143975e+00 7.407611021080137345e-03 9.999079469742865323e-01 1.136771259980572796e-02 -6.994372520563106876e-01 7.497240726552419077e-02 -1.189137543930450860e-02 9.971147037598291352e-01 5.588581852815936202e+01
9.970654259785287632e-01 -1.003048879869914214e-02 -7.589417968239738077e-02 -3.525788670047632856e+00 1.131481123003327122e-02 9.997996518675253963e-01 1.651154671629475462e-02 -7.125591598455176534e-01 7.571334536575374807e-02 -1.732182203778627125e-02 9.969791587166239033e-01 5.684884237443635868e+01
9.970425827771245419e-01 -8.868223614067628074e-03 -7.633769477068580445e-02 -3.597770677888545432e+00 1.035226785268930118e-02 9.997646155559472003e-01 1.906683076757739043e-02 -6.947592435027326596e-01 7.615062691106876114e-02 -1.980071201999625968e-02 9.968997005304783832e-01 5.778957747157888747e+01
9.969426463498569646e-01 -8.957632032767875313e-03 -7.762165709316332096e-02 -3.683481102281089825e+00 1.019027295913701656e-02 9.998279606937379160e-01 1.549862440655570134e-02 -7.066473668550149467e-01 7.746946173426735860e-02 -1.624222677432361414e-02 9.968624135902399708e-01 5.874312768769816984e+01
9.968182871984129223e-01 -6.786882696480869663e-03 -7.941814338966102227e-02 -3.769574258577947923e+00 7.426030759382306300e-03 9.999423528515063442e-01 7.755324145552192766e-03 -7.089369580756049727e-01 7.936092003269741568e-02 -8.320411125866931240e-03 9.968112229250020162e-01 5.963677730389135689e+01
9.967917372010700605e-01 -4.931017041345625920e-03 -7.988691192581082179e-02 -3.843633550801560883e+00 5.177703195415262610e-03 9.999824451661641911e-01 2.881103529849563839e-03 -7.316279938808588623e-01 7.987129203981895020e-02 -3.285491116544147355e-03 9.967997698982234978e-01 6.054494767153970969e+01
9.967123077937661835e-01 -1.176739888793573892e-03 -8.101352838430457559e-02 -3.938443920611027327e+00 1.449595298306545835e-03 9.999934736035501759e-01 3.309294720642023003e-03 -7.388376452236971037e-01 8.100909461594732464e-02 -3.415851819639504836e-03 9.967075085161463122e-01 6.147751253450486786e+01
9.966234851371972292e-01 8.039867067671365927e-04 -8.210349269397242133e-02 -4.015556743519353766e+00 -3.480539791399228644e-04 9.999844418547400027e-01 5.567307673075868116e-03 -7.459605386293342022e-01 8.210668034721040065e-02 -5.519933510006227659e-03 9.966082592144134278e-01 6.237415190838702728e+01
9.965540056780159972e-01 2.818679644586175384e-03 -8.289855167609920528e-02 -4.088638459476915621e+00 -2.219953369628100900e-03 9.999707905242075645e-01 7.313679684569462762e-03 -7.603258698718542430e-01 8.291673405472482772e-02 -7.104446375574132930e-03 9.965311540501187171e-01 6.325504296453068775e+01
9.964432586323824781e-01 5.617512934197464898e-03 -8.407899244282056317e-02 -4.165339532593681504e+00 -5.034666485908527098e-03 9.999618173663771259e-01 7.142544244332167148e-03 -7.799395648771741962e-01 8.411589414434794687e-02 -6.693830848332739565e-03 9.964334939621457554e-01 6.412865991397376320e+01
9.963431764130024071e-01 4.190564481702857211e-03 -8.533882531128621218e-02 -4.252653862865773071e+00 -3.545997851574032161e-03 9.999640426338739507e-01 7.703203226840047227e-03 -7.851111123332957797e-01 8.536802607605049886e-02 -7.372423208042707538e-03 9.963222101195907676e-01 6.499228661310134214e+01
9.961843747526576420e-01 4.370246371780303098e-03 -8.716417619585906107e-02 -4.338787490099774935e+00 -3.678673280875429177e-03 9.999604830540250733e-01 8.093188152926549320e-03 -7.965329156456014692e-01 8.719608926906437241e-02 -7.741659610131167504e-03 9.961610851437836534e-01 6.583827572855840060e+01
9.960745105216050055e-01 6.722050217282184680e-03 -8.826315614997422287e-02 -4.411078972931931297e+00 -5.994917992939363324e-03 9.999458979007294079e-01 8.500718929112310515e-03 -8.134782935363287226e-01 8.831551134861069519e-02 -7.938219633072292336e-03 9.960609187836891865e-01 6.665137803242788550e+01
9.959670625498121543e-01 7.114929890290035142e-03 -8.943706906906358223e-02 -4.493851922864799064e+00 -6.299281005180130955e-03 9.999359892170578412e-01 9.398750927417159548e-03 -8.274105053403679744e-01 8.949820358831450662e-02 -8.797457761125147130e-03 9.959481287018024931e-01 6.746774466951244165e+01
9.958496113477681710e-01 8.913435979687489921e-03 -9.057650639644779234e-02 -4.561693979183566228e+00 -7.815171315857613599e-03 9.998916715752924622e-01 1.247269805077248425e-02 -8.181831336323198700e-01 9.067785682472423447e-02 -1.171306146653874891e-02 9.958113923903011422e-01 6.826235194506820392e+01
9.956983942018037270e-01 1.127879575306901111e-02 -9.196465556905272787e-02 -4.651206281396983222e+00 -9.841661528432169362e-03 9.998225037278253291e-01 1.606557531663540747e-02 -8.294428211723213762e-01 9.212952017556838569e-02 -1.509138368035454689e-02 9.956326633627160527e-01 6.907252029503135304e+01
9.955438036496901955e-01 1.427379615939518114e-02 -9.321370680175364298e-02 -4.724227451056246530e+00 -1.266186092499991221e-02 9.997602936617986380e-01 1.786147943515736802e-02 -8.309726492328073366e-01 9.344630147432664291e-02 -1.660162745235249995e-02 9.954858981303876808e-01 6.980598932529233025e+01
9.953741233083317486e-01 1.540350562162214575e-02 -9.483189385873548594e-02 -4.801857299057118666e+00 -1.404854605422460948e-02 9.997897085235228909e-01 1.493911068998936449e-02 -8.454828556235358672e-01 9.504205345774763281e-02 -1.353775499332436107e-02 9.953812012943480392e-01 7.060457631887130958e+01
9.951956560538823826e-01 1.734774079541891167e-02 -9.635695900711863104e-02 -4.891958551487525675e+00 -1.670946404331645485e-02 9.998328021392968168e-01 7.427078699743629511e-03 -8.644242308000702479e-01 9.646967844644212253e-02 -5.781323695338813975e-03 9.953191327549683054e-01 7.131905502880417203e+01
9.950542395527919304e-01 1.812249474143197425e-02 -9.766594628563078639e-02 -4.974460173103031124e+00 -1.802225259883608044e-02 9.998357644778796960e-01 1.908502952759245919e-03 -8.754373864000609684e-01 9.768447982671822627e-02 -1.389035147279331361e-04 9.952174243219257255e-01 7.203427673424671696e+01
9.949924815705573078e-01 1.881167033523132442e-02 -9.816355856001410252e-02 -5.040211900244494281e+00 -1.883205024445217673e-02 9.998224026549893395e-01 7.189743410915758193e-04 -8.706460603902990147e-01 9.815963694319768118e-02 1.133247193549411294e-03 9.951700357138809627e-01 7.271985118200333886e+01
9.949327797148520558e-01 1.979301117570399227e-02 -9.857485546816854849e-02 -5.113933179569575493e+00 -1.955516219815171819e-02 9.998030711626785250e-01 3.378522393060612392e-03 -8.994993533445018175e-01 9.862230116665568480e-02 -1.433755407048933721e-03 9.951239041428213694e-01 7.340075966196775425e+01
9.948190664032855457e-01 1.831211420447587113e-02 -9.999846595068050126e-02 -5.177080213975033374e+00 -1.775380439028049692e-02 9.998214529885053325e-01 6.470276927830797935e-03 -9.035094572927550027e-01 1.000990825695805136e-01 -4.661401931621188960e-03 9.949665539565796246e-01 7.406213723253428327e+01
9.947387893468493392e-01 1.757399761016375725e-02 -1.009252059442093258e-01 -5.235112380001639032e+00 -1.734672386873392647e-02 9.998446378546019808e-01 3.129094764964936680e-03 -9.213971914545450170e-01 1.009645031742559679e-01 -1.361910271934746453e-03 9.948890957144127523e-01 7.467358977170843559e+01
9.948205523984069432e-01 1.143321224820827153e-02 -1.010017413495064020e-01 -5.302365786905258283e+00 -1.166040068854719974e-02 9.999306385028586819e-01 -1.659272549345644325e-03 -9.373605392206129094e-01 1.009757513815898178e-01 2.828399533928049880e-03 9.948848658364635167e-01 7.527473183241490062e+01
9.949474751406492956e-01 7.855710596680377106e-03 -1.000890156209221504e-01 -5.355034396950590470e+00 -8.550194814713911462e-03 9.999422449317906247e-01 -6.511599031949975511e-03 -9.562446276164232595e-01 1.000320683422619289e-01 7.334480288961029576e-03 9.949571795930773899e-01 7.589528173665827637e+01
9.952458806229028676e-01 8.345213690859771064e-03 -9.703605491987918330e-02 -5.413875179776397317e+00 -9.069531905144702713e-03 9.999341889849326925e-01 -7.025755341488059032e-03 -9.641368477262580727e-01 9.697102446701469369e-02 7.872426390539834923e-03 9.952560695246596145e-01 7.647384033785726842e+01
9.955777707402320154e-01 1.352648146870768023e-02 -9.296202489439936434e-02 -5.499822129342438082e+00 -1.401869174272321779e-02 9.998909498512320582e-01 -4.643770987099478734e-03 -9.695125310128265284e-01 9.288906105787483880e-02 5.926441712183136423e-03 9.956588262740310169e-01 7.703130249342731872e+01
9.960092830584235113e-01 1.234619363051556694e-02 -8.839163310626775572e-02 -5.535000334221747309e+00 -1.250832166701015651e-02 9.999209478930410899e-01 -1.280544811354676800e-03 -9.896515395971922091e-01 8.836882387680297657e-02 2.381065778559961210e-03 9.960849764514179139e-01 7.758660469113763725e+01
9.965203812027426666e-01 8.782800115511964906e-03 -8.288542303524117083e-02 -5.568949756964128639e+00 -8.558649579806634766e-03 9.999586944025756763e-01 3.059245060407669685e-03 -1.006728969869024937e+00 8.290885703452950672e-02 -2.339212876817622216e-03 9.965543881053418040e-01 7.814303007701153092e+01
9.972180087091845335e-01 3.566339761346504905e-03 -7.445485340546208197e-02 -5.598165139219642761e+00 -3.127480972236059212e-03 9.999770488551340542e-01 6.010043845762130105e-03 -1.017574848069908944e+00 7.447456845514563439e-02 -5.760468223879702462e-03 9.972062749447303531e-01 7.867977203622587012e+01
9.979452062907440135e-01 5.569006562881621131e-03 -6.383065149138425487e-02 -5.638580042505570766e+00 -5.190757735389144381e-03 9.999679828111038837e-01 6.090105157308663662e-03 -1.028528564537594781e+00 6.386251508889936868e-02 -5.746262210597550060e-03 9.979421621419435340e-01 7.917387374849668902e+01
9.987461230923034838e-01 1.166967957686143587e-02 -4.868265225046682770e-02 -5.662743990913615910e+00 -1.139976703435102191e-02 9.999180932229274621e-01 5.818257254320824239e-03 -1.041553658014127137e+00 4.874655548179130521e-02 -5.255991360297996087e-03 9.987973505569175403e-01 7.967129088667593351e+01
9.993886858921685601e-01 1.707969027309245991e-02 -3.050473661755049096e-02 -5.680325062803578184e+00 -1.690274188823894658e-02 9.998388400475540783e-01 6.049063264616712579e-03 -1.030290309275251559e+00 3.060313251233220955e-02 -5.529752109650040541e-03 9.995163179955962596e-01 8.019067317649408722e+01
9.998354014077610596e-01 1.592705933080756225e-02 -8.689014877379443516e-03 -5.670396716633652190e+00 -1.587132844827937248e-02 9.998532690421537694e-01 6.445249869167534937e-03 -1.040689000174076728e+00 8.790392638717845278e-03 -6.306283276743259586e-03 9.999414781650648454e-01 8.064963335868148420e+01
9.997685886449535486e-01 1.252037261951272420e-02 1.749312717372281806e-02 -5.641269429077882869e+00 -1.264326884880452237e-02 9.998960371992212659e-01 6.932712240322387587e-03 -1.050069622039240480e+00 -1.740450605973594897e-02 -7.152278832907031300e-03 9.998229483530799433e-01 8.113064140022952131e+01
9.988486553048410155e-01 1.066294510839129253e-02 4.677248829486826964e-02 -5.604354713998015214e+00 -1.108798646420818511e-02 9.998994729379692137e-01 8.837450961726316806e-03 -1.065833198136187043e+00 -4.667354688082361175e-02 -9.345889525619283794e-03 9.988664746309245945e-01 8.158480731870497493e+01
9.967583725630632108e-01 9.812435332755848477e-03 7.985276205022927287e-02 -5.541831539230198445e+00 -1.066218088662124371e-02 9.998909082701347151e-01 1.022200693506264933e-02 -1.070799414190155119e+00 -7.974373730276849981e-02 -1.104027656013673725e-02 9.967542565333602500e-01 8.201918593510717415e+01
9.930447805775868275e-01 9.525670231427089268e-03 1.173512977124508555e-01 -5.470172390875159607e+00 -1.083810481587115307e-02 9.998856019271585849e-01 1.055075874279155432e-02 -1.077473404109599464e+00 -1.172373541870235236e-01 -1.174924263079851067e-02 9.930344185439913263e-01 8.247451692043941307e+01
9.872680375016864573e-01 9.335589565386291644e-03 1.587912846015785140e-01 -5.395272820377586598e+00 -1.116608178599792431e-02 9.998810541426513820e-01 1.063936789945766487e-02 -1.082015197863012812e+00 -1.586730509956421342e-01 -1.227698548832150023e-02 9.872548482430959504e-01 8.289940318513518491e+01
9.789393930589922466e-01 9.096145570627435853e-03 2.039483516740135671e-01 -5.282822010650761513e+00 -1.145415611130905231e-02 9.998804767512893266e-01 1.038433833126138801e-02 -1.087152104528956720e+00 -2.038294903300214012e-01 -1.250169534026962861e-02 9.789265760131043992e-01 8.331599245952780564e+01
9.675437318850781399e-01 9.401751186003419122e-03 2.525286957288174761e-01 -5.132487607023202614e+00 -1.199519134152967140e-02 9.998899250085669932e-01 8.732308390121798838e-03 -1.085154750455984418e+00 -2.524187658084294239e-01 -1.147802146097686056e-02 9.675500057001439336e-01 8.374030197732957959e+01
9.521584437237498033e-01 9.292020746899104858e-03 3.054635305297455639e-01 -5.000704133167169552e+00 -1.194547244582472127e-02 9.999054014804871215e-01 6.818631529022808543e-03 -1.099681737402540493e+00 -3.053712343319266442e-01 -1.014132491393737387e-02 9.521793689878813582e-01 8.409582195253609882e+01
9.326469403028967431e-01 9.134567966035615771e-03 3.606747306881026294e-01 -4.790415292370057365e+00 -1.165214917068841359e-02 9.999205604001680792e-01 4.806273646419355339e-03 -1.103130778218360364e+00 -3.606021272600160033e-01 -8.685193265890104111e-03 9.326792891077967385e-01 8.450273943681223443e+01
9.086477675845893165e-01 9.090253556407622629e-03 4.174645189172563331e-01 -4.616762054430176399e+00 -1.149864788685996467e-02 9.999285922441195629e-01 3.254453268729468399e-03 -1.107299098040155139e+00 -4.174050689543963855e-01 -7.757430295272997947e-03 9.086874093596695179e-01 8.481788509736348658e+01
8.799966447235523237e-01 8.922786171357294932e-03 4.748961136619959666e-01 -4.385701880729920177e+00 -1.075858627757108645e-02 9.999414655369968097e-01 1.148163345530736623e-03 -1.099732960462593834e+00 -4.748580074023163178e-01 -6.119591738617626009e-03 8.800411318999720178e-01 8.514649732628903678e+01
8.469618194231818276e-01 8.089000346209839279e-03 5.315922137454962559e-01 -4.086172162921783091e+00 -8.811865443846652463e-03 9.999604827570331977e-01 -1.176399935635594023e-03 -1.127834425434811161e+00 -5.315806513283583001e-01 -3.687954148762716787e-03 8.469996298466528906e-01 8.547745524078072776e+01
8.104290716824921192e-01 7.793694585404612254e-03 5.857849634252063620e-01 -3.851550334026045963e+00 -7.506939627810861257e-03 9.999675636432924231e-01 -2.918473347936420548e-03 -1.134171644340557172e+00 -5.857886298609811249e-01 -2.032237578453606301e-03 8.104612920365528161e-01 8.574021680103936660e+01
7.709295719320471418e-01 7.265231654476960940e-03 6.368790035424182205e-01 -3.533109477190197634e+00 -7.193884735628078633e-03 9.999704808340745821e-01 -2.699157818646683200e-03 -1.157405181382494597e+00 -6.368797280406596206e-01 -2.500774552895701757e-03 7.709590809789726995e-01 8.605451992586192489e+01
7.284288729754069269e-01 7.429323491648646971e-03 6.850811954223303690e-01 -3.264964130888219351e+00 -8.228188490438060818e-03 9.999639527927701721e-01 -2.095231591985235488e-03 -1.151495877969577197e+00 -6.850719744809663503e-01 -4.110751229173661980e-03 7.284637461026020055e-01 8.625630943271464446e+01
6.834347192532321813e-01 6.895197827900902826e-03 7.299791171207379303e-01 -2.966096200599320998e+00 -7.710480247621137595e-03 9.999677948615423029e-01 -2.226589924566237111e-03 -1.152255782717628962e+00 -7.299708629716837871e-01 -4.106761997495485088e-03 6.834658755808379338e-01 8.648378459181051880e+01
6.369505465751096329e-01 5.008091047282637112e-03 7.708884479225340813e-01 -2.601802055754996790e+00 -4.163048074686597974e-03 9.999866627394090601e-01 -3.056690373525678198e-03 -1.155780435068774370e+00 -7.708933712333325694e-01 -1.262286209689054799e-03 6.369629015424271845e-01 8.670966466521369398e+01
5.902223217302233760e-01 9.796940143940446877e-04 8.072401982844311652e-01 -2.295661689971017605e+00 1.198193445307178459e-03 9.999970987339525941e-01 -2.089701768469372570e-03 -1.190372831285139377e+00 -8.072397953317559383e-01 2.200617600609691520e-03 5.902194367541039322e-01 8.686392981371686517e+01
5.434005135451579482e-01 2.016892765567180126e-03 8.394712072294324701e-01 -1.946951134729615784e+00 5.951348041401275171e-04 9.999959369728890213e-01 -2.787803277267288278e-03 -1.186937074257767843e+00 -8.394733066120304565e-01 2.014491232319348853e-03 5.433971067012663969e-01 8.707319000728458036e+01
4.963883383577497033e-01 3.969549608574611879e-03 8.680915623142549942e-01 -1.636847837357949143e+00 -1.733780106261718912e-03 9.999920841408797001e-01 -3.581291700081283211e-03 -1.185407841012024344e+00 -8.680987903777410697e-01 2.726303093132844552e-04 4.963912927181998169e-01 8.719634776107592700e+01
4.508713709007026171e-01 7.856231244683977918e-03 8.925544200291015695e-01 -1.285630324307484029e+00 -3.557193783433663589e-03 9.999691391987920452e-01 -7.004783753547729093e-03 -1.195655287518000431e+00 -8.925817866412808499e-01 -1.673391359726175698e-05 4.508854042021041009e-01 8.733865911068413368e+01
4.080900214790472713e-01 4.928730747692292719e-03 9.129284490720985801e-01 -9.012627379414863693e-01 3.650304632395588202e-03 9.999686240594747311e-01 -7.030373987309018746e-03 -1.183280293928189231e+00 -9.129343335330540876e-01 6.201491531186101129e-03 4.080592273566572281e-01 8.747882427987929077e+01
3.687660544699058462e-01 -3.338585153483990091e-03 9.295163076474292074e-01 -5.658549671921174751e-01 1.757646373452922267e-02 9.998398024026771136e-01 -3.381924161603640754e-03 -1.230534462390863393e+00 -9.293559859582360971e-01 1.758474848637141263e-02 3.687656610431246373e-01 8.753417819233102648e+01
3.334486327684462181e-01 -6.782577490328837132e-03 9.427439337241466655e-01 -1.955774254609827234e-01 2.344546948662343255e-02 9.997245118377855455e-01 -1.100141850510391074e-03 -1.237928645276389794e+00 -9.424766308076464316e-01 2.246991526315660764e-02 3.335157938426226432e-01 8.762086651515623714e+01
2.994799630010457347e-01 -3.680709831333639839e-03 9.540955537546422782e-01 1.830160639417664492e-01 2.055307452442111521e-02 9.997853970253063327e-01 -2.594409825792228647e-03 -1.251421581301346286e+00 -9.538811248858062308e-01 2.038657090186611273e-02 2.994913451425935125e-01 8.772243289751907014e+01
2.686369730540562606e-01 4.152621530559128318e-03 9.632326076351008792e-01 5.380339478273800102e-01 1.066088451665365630e-02 9.999166409822678458e-01 -7.283996422218245656e-03 -1.246074242068354598e+00 -9.631824320870274736e-01 1.222566176602891616e-02 2.685703106614024116e-01 8.780128918151697803e+01
2.403083178611789272e-01 9.105930845058870030e-03 9.706539652979221389e-01 9.209769448458250407e-01 4.784365811055525317e-03 9.999327421496688739e-01 -1.056508374082370041e-02 -1.234990911846158390e+00 -9.706847560093703198e-01 7.182840126985111026e-03 2.402485906862538989e-01 8.790727909968698839e+01
2.141472068359497605e-01 1.019174535790152991e-02 9.767482939452056812e-01 1.306162246890413936e+00 6.745372121337393605e-03 9.999062944503167571e-01 -1.191227269317931582e-02 -1.248243047486367274e+00 -9.767780431314319056e-01 9.139509744773233191e-03 2.140583945022689616e-01 8.798991629214388865e+01
1.908230391295349659e-01 1.094014731071676558e-02 9.815635536282970586e-01 1.713476726742621192e+00 1.438142836239353350e-02 9.997994157625571532e-01 -1.393925022745374359e-02 -1.264077530011296302e+00 -9.815190333395619193e-01 1.677621572846320699e-02 1.906274296710793181e-01 8.802244231947587139e+01
1.704229464926858284e-01 1.642412035769192508e-02 9.852341840999988554e-01 2.118998676691393079e+00 2.040559249405816261e-02 9.995878402795607132e-01 -2.019309867220554430e-02 -1.293388736768337210e+00 -9.851596320861656375e-01 2.354565488867198936e-02 1.700175627104235365e-01 8.808277189005518437e+01
1.505979049856510932e-01 2.385416598141602146e-02 9.883073310680886570e-01 2.552840576700785125e+00 2.225760716986812521e-02 9.993736241753680138e-01 -2.751287049619902808e-02 -1.281189125222409020e+00 -9.883444433495670589e-01 2.614073743286390861e-02 1.499726390565102596e-01 8.812713692694251222e+01
1.330043694541361010e-01 2.510017170335744618e-02 9.907976335524134592e-01 2.993142106476890163e+00 2.051487784534782033e-02 9.993953715218568679e-01 -2.807188975189798749e-02 -1.293432150600497321e+00 -9.909030455186257358e-01 2.405977666660075176e-02 1.324090258842969547e-01 8.819427386687276282e+01
1.171757155723437971e-01 2.127230027306556415e-02 9.928834136087768547e-01 3.426372856431017855e+00 1.915052887493483638e-02 9.995362706942462205e-01 -2.367489542505711586e-02 -1.310286318684658724e+00 -9.929264708653894322e-01 2.178836533687624616e-02 1.167140035711839025e-01 8.822984024261467084e+01
1.029137442644434269e-01 1.744886654502394996e-02 9.945372948351389741e-01 3.919198623631035439e+00 1.959375101021821469e-02 9.996165640716619949e-01 -1.956552165144306854e-02 -1.326630986208416907e+00 -9.944972163789088659e-01 2.150027721749498549e-02 1.025323963017637230e-01 8.825884768461592955e+01
8.940680492832928095e-02 1.527226070085276402e-02 9.958781623091218504e-01 4.403676855157265813e+00 2.087745214618486750e-02 9.996340072462475135e-01 -1.720416909005633224e-02 -1.341127481001998634e+00 -9.957762912011925982e-01 2.232956851897571413e-02 8.905523840508076938e-02 8.830397503731700226e+01
