9.999999999999998890e-01 0.000000000000000000e+00 3.049318610115481221e-19 0.000000000000000000e+00 1.734723475976807094e-18 1.000000000000000000e+00 0.000000000000000000e+00 1.387778780781445676e-17 -2.032879073410320814e-20 0.000000000000000000e+00 1.000000000000000000e+00 0.000000000000000000e+00
9.999416915353989133e-01 -1.086955829425861886e-03 1.074393184274922454e-02 7.732284590654070477e-02 1.082602903106123955e-03 9.999993295399896009e-01 4.109603926368459240e-04 -5.578442969949803931e-03 -1.074437152072114585e-02 -3.993050113232088361e-04 9.999421978410159007e-01 2.938398200890157130e-01
9.998546986634871958e-01 -2.518761714136823898e-03 1.685934231643090517e-02 9.417699619255971710e-02 2.506527167114109590e-03 9.999965798153125363e-01 7.467760646971185329e-04 -9.986314282952227228e-03 -1.686116589635937302e-02 -7.044091466913348851e-04 9.998575922968971907e-01 5.477066766655558361e-01
9.997876806763608126e-01 -6.157091539941417918e-03 1.966427785538583245e-02 7.324251714154228488e-02 6.180026465932435785e-03 9.999802920779706783e-01 -1.105765627672124218e-03 -1.060400668281943903e-02 -1.965708235397265954e-02 1.227056643648198782e-03 9.998060278995194450e-01 9.276150218765732980e-01
9.998269423058511185e-01 -6.881695485984885320e-03 1.728374201489115899e-02 7.870929316621151639e-02 6.912237242054180414e-03 9.999746515984953010e-01 -1.707959218258537325e-03 -1.722314199773157528e-02 -1.727155054441958243e-02 1.827133005630032780e-03 9.998491661782742401e-01 1.179809780645528994e+00
9.998871813873148051e-01 -1.069781234968868178e-02 1.054425625779909989e-02 7.814518948856044589e-02 1.073575383711607156e-02 9.999360745635726966e-01 -3.548289389389680699e-03 -1.571158736888345064e-02 -1.050562346169196283e-02 3.661089666762052872e-03 9.999381122273097722e-01 1.544680654574601686e+00
9.999364027389926468e-01 -1.118470010429076754e-02 -1.446713028957677047e-03 5.641033378571819190e-02 1.117752191293367239e-02 9.999256303723323969e-01 -4.878187106254327360e-03 -2.690126456059108162e-02 1.501166519990362143e-03 4.861706251473312153e-03 9.999870550725801222e-01 1.851437497923582143e+00
9.997912058941115232e-01 -1.117630067835585425e-02 -1.710657506581486284e-02 1.731509786500682810e-02 1.108902874740818473e-02 9.999250559780824554e-01 -5.188048757631993392e-03 -3.728184168154737022e-02 1.716327651688553599e-02 4.997270258860607266e-03 9.998402118625672186e-01 2.174955748647020570e+00
9.993396404111647424e-01 -6.538346803706226139e-03 -3.574259452491423961e-02 2.770201915699144028e-03 6.345153337940604397e-03 9.999646563187162274e-01 -5.515898107066558725e-03 -4.008141926788767739e-02 3.577739672006709226e-02 5.285463408034788910e-03 9.993458069315471759e-01 2.532150243934754741e+00
9.984320454930791788e-01 -3.712753024577030575e-03 -5.585396916835107251e-02 -6.122296765725836198e-02 3.364281915835577730e-03 9.999742952395295204e-01 -6.331702946103579845e-03 -5.024039652197206940e-02 5.587604246687431775e-02 6.133866632978716288e-03 9.984188718615013558e-01 2.875126833207427346e+00
9.971527476274738566e-01 -3.141887656780631942e-03 -7.534272521490162355e-02 -1.046951271704575498e-01 2.660595267836831680e-03 9.999754160856103580e-01 -6.487561430899300811e-03 -5.552144987267844389e-02 7.536125748431954374e-02 6.268633198441613853e-03 9.971365931055985454e-01 3.228241724998813567e+00
9.953177328053212092e-01 -3.607843710109982869e-03 -9.658982315419145648e-02 -1.514666844721526129e-01 3.025673776475348853e-03 9.999763692279008964e-01 -6.173028380085356960e-03 -6.553666669885339913e-02 9.660981365139234556e-02 5.851875284238190582e-03 9.953051289713036320e-01 3.613504700371471756e+00
9.932673601604556923e-01 -4.341926955916891942e-03 -1.157631138333828913e-01 -2.057123461666610087e-01 3.731682868789901186e-03 9.999779796311438762e-01 -5.487694401035574099e-03 -7.572568859400008456e-02 1.157843938557037572e-01 5.018756445107466595e-03 9.932616909027262020e-01 4.007806837651274101e+00
9.910740635169893453e-01 -4.329673489534092978e-03 -1.332420881937195767e-01 -2.987104216095030074e-01 3.710116665839952033e-03 9.999811231760152852e-01 -4.897787254664572217e-03 -8.245963510241424710e-02 1.332607811296607492e-01 4.359726145472067951e-03 9.910714189662576112e-01 4.396016076155257579e+00
9.887664782451441869e-01 -3.430052865455979292e-03 -1.494291994490905828e-01 -3.854517151050469437e-01 2.809986403111774424e-03 9.999865449045822752e-01 -4.360502471034331806e-03 -8.693860263556583978e-02 1.494421482032194659e-01 3.891624554070820252e-03 9.887628129087306927e-01 4.817373403168355495e+00
9.866662604733829056e-01 -2.962618284901929501e-03 -1.627295690943024453e-01 -4.666465808860997266e-01 2.263388577261311527e-03 9.999873937998163820e-01 -4.482110016191601966e-03 -9.360820021983014272e-02 1.627407992881933219e-01 4.054026371003396044e-03 9.866605281450032683e-01 5.223341871497458655e+00
9.845120197387733363e-01 -3.494933923863947130e-03 -1.752822514077558014e-01 -5.459245227227063069e-01 2.626084677329688748e-03 9.999830911035806347e-01 -5.188562635010335843e-03 -9.814820803982388098e-02 1.752974242931219506e-01 4.647896129313825592e-03 9.845045509645566906e-01 5.669022933694271238e+00
9.827702889325728997e-01 -6.678579739180210556e-03 -1.847104624267673356e-01 -6.425380751210276742e-01 5.478550801023678377e-03 9.999604470080143415e-01 -7.006417895631859502e-03 -1.106757553648073933e-01 1.847499526899986644e-01 5.873753577331679646e-03 9.827680066236510470e-01 6.111871506940003584e+00
9.812256891357241662e-01 -5.975308212080484606e-03 -1.927704380167181153e-01 -7.436987398628711610e-01 4.385981288022255085e-03 9.999527929140425986e-01 -8.670357816582810115e-03 -1.211764719558657138e-01 1.928131492782444723e-01 7.662090187794966950e-03 9.812055761892994887e-01 6.550708072223349276e+00
9.796224121059329271e-01 -5.902452796895180792e-03 -2.007612756156919032e-01 -8.486962599826233244e-01 3.830996453062947976e-03 9.999353615619653857e-01 -1.070495951840438192e-02 -1.165249271860699792e-01 2.008114877070847903e-01 9.717702439920006610e-03 9.795817033988937217e-01 7.031527129529110631e+00
9.780345648458131924e-01 -6.547469397386564832e-03 -2.083399135664102120e-01 -9.559459330804078725e-01 3.898220475795834139e-03 9.999062773266268467e-01 -1.312404030571543909e-02 -1.338258842374266122e-01 2.084063202427882677e-01 1.202361005701516744e-02 9.779684246009847648e-01 7.507339600534156610e+00
9.762762304941378089e-01 -1.028482754328176665e-02 -2.162844030560696351e-01 -1.074790879744262240e+00 7.202386262835099896e-03 9.998610244989198925e-01 -1.503520229728497019e-02 -1.442392267684584062e-01 2.164089830211622656e-01 1.312074674014267542e-02 9.762146276172773973e-01 8.018766955724039747e+00
9.743881418307097642e-01 -1.562764461505782021e-02 -2.243290543612998789e-01 -1.191370251354273435e+00 1.233427605309507513e-02 9.997947107386266907e-01 -1.607488701225236183e-02 -1.598506220454609661e-01 2.245342185140309643e-01 1.289624272721045205e-02 9.743808664036438527e-01 8.533243915580413841e+00
9.724734592758710328e-01 -1.659469896841499204e-02 -2.324219992690599312e-01 -1.324615466784881290e+00 1.260462130304814375e-02 9.997467655090674921e-01 -1.864211238926827968e-02 -1.826213258462618949e-01 2.326725062615699058e-01 1.519936817905888186e-02 9.724363656736046968e-01 9.038514202062657432e+00
9.703471239808144633e-01 -1.277756568011773758e-02 -2.413776946627098630e-01 -1.462606216908213908e+00 7.610890708834406465e-03 9.997217912167257747e-01 -2.232519866221523500e-02 -1.846985761704789120e-01 2.415958071257421624e-01 1.982609303131599443e-02 9.701744138786975169e-01 9.574196099497884305e+00
9.682426279418744341e-01 -9.782124442210292370e-03 -2.498209800507786293e-01 -1.626215553522810442e+00 3.526987722018497598e-03 9.996692662381231331e-01 -2.547387856974031584e-02 -1.999544685321796578e-01 2.499875487751229142e-01 2.378377959839346814e-02 9.679568991936849942e-01 1.011039857869242908e+01
9.658570471558669546e-01 -1.266563589151530056e-02 -2.587658104098748413e-01 -1.785033079512171827e+00 5.711824291053163236e-03 9.996025301645683481e-01 -2.760718638582682766e-02 -2.254525361632365443e-01 2.590126258384073954e-01 2.518657068561447679e-02 9.655454923590318650e-01 1.068033215939913738e+01
9.635210854592737295e-01 -1.415655949048818738e-02 -2.672577559645875622e-01 -1.946408213074807270e+00 6.598919396243310698e-03 9.995531055090458583e-01 -2.915550576172586117e-02 -2.575025995433533055e-01 2.675510662062942080e-01 2.632833217721598784e-02 9.631839115589460043e-01 1.123582728391900076e+01
9.614164346551693496e-01 -1.411102912463231725e-02 -2.747349929965552939e-01 -2.120205980538989010e+00 5.503669081192333334e-03 9.994702986626176067e-01 -3.207540654476744718e-02 -2.777854668399517002e-01 2.750420872347491552e-01 2.932577254291200697e-02 9.609848338982117655e-01 1.180245589833423736e+01
9.589973161518046130e-01 -1.362549263196545166e-02 -2.830874278684999967e-01 -2.304589314096557651e+00 3.756259321760922233e-03 9.993669986981373876e-01 -3.537643873969899960e-02 -2.986506455995776577e-01 2.833902594399878572e-01 3.286256007027647807e-02 9.584414508764809160e-01 1.239612992332863151e+01
9.567853745448778868e-01 -1.499709089733842343e-02 -2.904080448179158225e-01 -2.488590586178196951e+00 3.319714073499581940e-03 9.991674749295108571e-01 -4.066124110957793775e-02 -3.326479853304853962e-01 2.907760781683357831e-01 3.794000922577506901e-02 9.560386131870116655e-01 1.298257266913769925e+01
9.549795613357073831e-01 -1.642078383583660608e-02 -2.962168013441276448e-01 -2.711808564329802440e+00 2.352111779022121596e-03 9.988547072610838296e-01 -4.778850632890751376e-02 -3.714184328416812453e-01 2.966622762192752116e-01 4.494031193809141372e-02 9.539244541039089142e-01 1.360541904401746294e+01
9.536430475950219421e-01 -1.702270826874641846e-02 -3.004582553999921024e-01 -2.906321993449723529e+00 2.373999055079473869e-04 9.984411554113710174e-01 -5.581400186987114931e-02 -4.048518553156735256e-01 3.009399983061474271e-01 5.315530630713413696e-02 9.521605078909337605e-01 1.421883562033805326e+01
9.524250065211120608e-01 -1.639570438504284189e-02 -3.043317036490493788e-01 -3.119650951726513632e+00 -3.418869379037198925e-03 9.979143282542012328e-01 -6.446165355619500048e-02 -4.489632188179876193e-01 3.047538670465013144e-01 6.243536145966677858e-02 9.503825062376651811e-01 1.484243990189879092e+01
9.510270658977588720e-01 -1.566809063811631236e-02 -3.087102668000883399e-01 -3.347601602061009984e+00 -7.298894877378284823e-03 9.972977938933876851e-01 -7.310154861444484453e-02 -4.966815643802011682e-01 3.090214350030626167e-01 7.177479546621579054e-02 9.483428354247347425e-01 1.548654100270687728e+01
9.496383289610826894e-01 -1.452548632703854273e-02 -3.130112654904786407e-01 -3.564231835166308926e+00 -1.123476806644044430e-02 9.967043923599976374e-01 -8.033762641083243283e-02 -5.513233047996324299e-01 3.131466516112696441e-01 7.980829872671028891e-02 9.463455035817878169e-01 1.613425628992881755e+01
9.480511646588636321e-01 -1.319533400369925571e-02 -3.178440973149558313e-01 -3.793427460551459074e+00 -1.517134130194961947e-02 9.961270528443110228e-01 -8.660672592647868095e-02 -6.162451636862242843e-01 3.177559140150442163e-01 8.692972918274317895e-02 9.441792221095132165e-01 1.678801804785121732e+01
9.465059947591599743e-01 -1.168588758566970962e-02 -3.224745566795533813e-01 -4.058484257638500736e+00 -1.927695693935254501e-02 9.955115625293219361e-01 -9.265596463871511590e-02 -6.877387698088188728e-01 3.221099224681637785e-01 9.391575470284331539e-02 9.420323938672373609e-01 1.747395387027844649e+01
9.449500882304288085e-01 -1.026546912179199939e-02 -3.270534339023747350e-01 -4.307596325395082637e+00 -2.318802516833873631e-02 9.948941203064407546e-01 -9.822425795399843118e-02 -7.584731746090883631e-01 3.263918620550988470e-01 1.004007451104806797e-01 9.398872512450614503e-01 1.813702878946533659e+01
9.431051625507862468e-01 -7.164054086969895256e-03 -3.324173977954607562e-01 -4.566749091585186271e+00 -2.804116399458635167e-02 9.944923321240026759e-01 -1.009885857795810304e-01 -8.337326159386673208e-01 3.313100464960107572e-01 1.045642280391476386e-01 9.377099645722061227e-01 1.883004478698435236e+01
9.413610493233269816e-01 -6.571768154925924053e-03 -3.373369002562872088e-01 -4.818751643874349178e+00 -2.990595304255116993e-02 9.942499131959132708e-01 -1.028238497309002242e-01 -9.155446868633108082e-01 3.360729240119166294e-01 1.068827492588811240e-01 9.357516070366527217e-01 1.953237999475368980e+01
9.390841214871950005e-01 -6.430815204362812579e-03 -3.436272033746856636e-01 -5.095948705746462082e+00 -3.044257637550293327e-02 9.943385944643946539e-01 -1.018037774158575826e-01 -1.004032771286400116e+00 3.423364775253021075e-01 1.060632089310476339e-01 9.335718153201691960e-01 2.024706278040174467e+01
9.369133474288603436e-01 -6.082676025792362572e-03 -3.495087665521923181e-01 -5.376209809330528167e+00 -3.098135623529894855e-02 9.944689526825264414e-01 -1.003576490057075249e-01 -1.091083822918961665e+00 3.481860660168973887e-01 1.048546771263694083e-01 9.315427862873327802e-01 2.096556306348206533e+01
9.342917252379292492e-01 -5.699468138042412639e-03 -3.564638629036703810e-01 -5.653899501696830754e+00 -3.154762490211224929e-02 9.946280161245399931e-01 -9.858933464131201807e-02 -1.175247925584362418e+00 3.551108575976208437e-01 1.033567884223935140e-01 9.290929209503975272e-01 2.168956600675421953e+01
9.314119349772046474e-01 -5.470597601215653437e-03 -3.639256478780337201e-01 -5.960778518781133073e+00 -3.137615841862244348e-02 9.949579319009159706e-01 -9.525886014880588504e-02 -1.260253823243536297e+00 3.626118390494701971e-01 1.001438286312753972e-01 9.265440467253465151e-01 2.239666064514321420e+01
9.276881556053929723e-01 -2.170817017212833388e-03 -3.733496626576146560e-01 -6.277658373873229891e+00 -3.381574209686903643e-02 9.953845033867004810e-01 -8.981194811698588187e-02 -1.334908853010176921e+00 3.718214402020335596e-01 9.594257695122115903e-02 9.233330067802799634e-01 2.319499701072038178e+01
9.243309400962368416e-01 -1.747334587820078763e-04 -3.815917709185143725e-01 -6.599083767814955870e+00 -3.466374006915881600e-02 9.958269616047938921e-01 -8.442208061471583036e-02 -1.424710844708054980e+00 3.800141316584334517e-01 9.126133959433660459e-02 9.204676151944161111e-01 2.392092338676060947e+01
9.208881762597158627e-01 3.459732597420469950e-03 -3.898114851239559697e-01 -6.935215852733286113e+00 -3.777069406751885905e-02 9.960476872985263297e-01 -8.038892548007739447e-02 -1.494143650402894208e+00 3.879927106836698614e-01 8.875266178801305417e-02 9.173792152538767786e-01 2.466040204053590301e+01
9.170889499211338780e-01 3.925563626048964375e-03 -3.986633223799093684e-01 -7.276845533131278465e+00 -3.833940276224026555e-02 9.961855030063226923e-01 -7.838707701318549381e-02 -1.568859332431954190e+00 3.968349156610486150e-01 8.717243626859536021e-02 9.137412211847900645e-01 2.540434146395638138e+01
9.130900265275471162e-01 4.770709766697488197e-03 -4.077301072708526264e-01 -7.634663044239800911e+00 -3.988908705820529838e-02 9.961805472561736652e-01 -7.767353509204708017e-02 -1.652633988863861259e+00 4.058022504406686437e-01 8.718691239445153229e-02 9.097928221314526276e-01 2.617792621965689293e+01
9.090868235390031638e-01 4.551277149841860548e-03 -4.165818402186887148e-01 -7.991722595723621758e+00 -4.006782734600200513e-02 9.962600571908507563e-01 -7.655369168928440049e-02 -1.716642194814543831e+00 4.146754379869785900e-01 8.628548207302606798e-02 9.058692511639913070e-01 2.693159019939502841e+01
9.053566689028529346e-01 5.025470123642058161e-03 -4.246222357027282790e-01 -8.374940179645227190e+00 -4.075580941481005137e-02 9.963423767716307333e-01 -7.510547453308134835e-02 -1.787953095721710906e+00 4.226916944652266417e-01 8.530306555050809481e-02 9.022500330013549785e-01 2.772368231566171914e+01
9.014623729518834727e-01 5.564285109483365493e-03 -4.328217012611013104e-01 -8.756727567444436033e+00 -4.097139149365416205e-02 9.965248934900226008e-01 -7.252228480960323798e-02 -1.866167907868938158e+00 4.309140724579106907e-01 8.310941869721434616e-02 8.985576722848361841e-01 2.849522558816629569e+01
8.975262162921229248e-01 6.357235711832126372e-03 -4.409152670188458134e-01 -9.141872757739021083e+00 -4.057868907124381058e-02 9.968440982609673151e-01 -6.822912735176614452e-02 -1.931994314517207156e+00 4.390900406394223632e-01 7.912919436731562228e-02 8.949516806389907764e-01 2.928237174621797934e+01
8.936862508203213817e-01 7.468950732943876840e-03 -4.486302439755703308e-01 -9.573386341053177873e+00 -3.990481257167104862e-02 9.972223945063585226e-01 -6.288960085395529920e-02 -1.991757869536014525e+00 4.469144144788834705e-01 7.410607767605206786e-02 8.915019906739459765e-01 3.009219997166021088e+01
8.900976059402081475e-01 7.375337032818509234e-03 -4.557102721311437898e-01 -9.992370922944195044e+00 -3.818813453495219223e-02 9.975599679937142694e-01 -5.844464649110661658e-02 -2.063518250262518006e+00 4.541672833102023965e-01 6.942416532703271637e-02 8.882073902812593902e-01 3.088496433584161238e+01
8.862045237613374038e-01 6.411316792829390050e-03 -4.632498599885405133e-01 -1.042061977592644162e+01 -3.671230776094548676e-02 9.977317665628715471e-01 -5.642276592319581813e-02 -2.133892448350073412e+00 4.618373648692736255e-01 6.700908203034990074e-02 8.844297799002185378e-01 3.170858432589011855e+01
8.828289481376736525e-01 6.710269218697360177e-03 -4.696466929566476822e-01 -1.085261405667120549e+01 -3.704682877110297007e-02 9.977776333321828339e-01 -5.538345390008778818e-02 -2.192445467282198912e+00 4.682313359555863030e-01 6.629303715134476915e-02 8.811155733504271170e-01 3.251301205644568171e+01
8.800799791319665610e-01 6.620824794764541485e-03 -4.747793071626168482e-01 -1.131502965904033431e+01 -3.645547940452051328e-02 9.978935599640279541e-01 -5.366042367863985835e-02 -2.243847045416596409e+00 4.734239448907864856e-01 6.453377196826864948e-02 8.784675094243536986e-01 3.333030283468006871e+01
8.772204269489441986e-01 5.170436193140495393e-03 -4.800599801517204668e-01 -1.180002796305846680e+01 -3.446706871876139416e-02 9.980399529387700142e-01 -5.223287828220340295e-02 -2.306292493185815307e+00 4.788489814628839603e-01 6.236600825188719222e-02 8.756792440698641933e-01 3.417949156910555075e+01
8.743708411785685586e-01 4.419493260882194352e-03 -4.852381842934753164e-01 -1.227188897696832015e+01 -3.383830554577382105e-02 9.980796528111501864e-01 -5.188425370557760846e-02 -2.370875588777401788e+00 4.840770647206983357e-01 6.178571662911068463e-02 8.728412944236599857e-01 3.501711419793072366e+01
8.724401931454383030e-01 3.980445123998989886e-03 -4.887046763646914482e-01 -1.274425868504948411e+01 -3.381845991009471697e-02 9.980615629076159401e-01 -5.224393243080250465e-02 -2.426503552634922123e+00 4.875494073664624062e-01 6.210694613641702666e-02 8.708836359114509040e-01 3.584339506023656696e+01
8.707952761111640294e-01 3.714511045379930484e-03 -4.916317572311864614e-01 -1.325222579313865090e+01 -3.399282876377825169e-02 9.980333157361662710e-01 -5.266866557600628079e-02 -2.486988851280152346e+00 4.904692428804557358e-01 6.257557945332088700e-02 8.692089641599755057e-01 3.671274734635803583e+01
8.703292115457231803e-01 3.907280888970798838e-03 -4.924548627836825565e-01 -1.374523762434016483e+01 -3.382713310600583834e-02 9.980810546789364857e-01 -5.186456803268266191e-02 -2.550644778821828940e+00 4.913072278385450797e-01 6.179758491937644566e-02 8.687912701669425752e-01 3.759645475687603522e+01
8.701465208962471110e-01 4.154646301940984054e-03 -4.927755739413020031e-01 -1.426732698889375150e+01 -3.332592758690837431e-02 9.981713533475875533e-01 -5.043145810775596927e-02 -2.607762435072881857e+00 4.916649451195072018e-01 6.030496101999930497e-02 8.686937884950799438e-01 3.848933269128845325e+01
8.700425591909393130e-01 2.528729084490500493e-03 -4.929701267943798482e-01 -1.478970316049644573e+01 -3.118334058481785423e-02 9.982665554207513781e-01 -4.991476388440015816e-02 -2.669502650124941479e+00 4.919893779452406135e-01 5.880042437044269432e-02 8.686132435334300572e-01 3.937722990568571646e+01
8.694875895229332574e-01 1.638801096701151920e-03 -4.939520636320003377e-01 -1.530142384621106189e+01 -3.051916271481380089e-02 9.982622008256833990e-01 -5.040991135866023515e-02 -2.733598276024507445e+00 4.930110708033541567e-01 5.890579581639629470e-02 8.680266102265999928e-01 4.027084019652742342e+01
8.680225568859446517e-01 -4.221105900464759350e-04 -4.965245791362859484e-01 -1.582388872391561918e+01 -2.854633308541029355e-02 9.983031656998042624e-01 -5.075328826295956441e-02 -2.795281084851918951e+00 4.957034912251133685e-01 5.822895516018438550e-02 8.665376174137974230e-01 4.119310137066073452e+01
8.667592140066008310e-01 -8.926687522594605601e-04 -4.987260401911564056e-01 -1.636586796780368402e+01 -2.732468772867326784e-02 9.984113616242896727e-01 -4.927590147870024306e-02 -2.857706599367200617e+00 4.979777404886881476e-01 5.633787501719055707e-02 8.653578558505488072e-01 4.210358788244905526e+01
8.648895913318398465e-01 -1.054394745538473569e-03 -5.019610324384955469e-01 -1.691641994667156013e+01 -2.521357506715451308e-02 9.986442168771533234e-01 -4.554123158226859591e-02 -2.922923265143787308e+00 5.013285092064851955e-01 5.204436937352865944e-02 8.636904042539078619e-01 4.304314590341086699e+01
8.617796886504414111e-01 -1.045016308311624668e-03 -5.072816486946623016e-01 -1.744629949451772433e+01 -2.298124359283862730e-02 9.988907636905222098e-01 -4.109871893261913406e-02 -2.984266906014994003e+00 5.067619110302092889e-01 4.707600432356405518e-02 8.607997562574098982e-01 4.395079477573934668e+01
8.579372868524423046e-01 -2.206649274048070458e-03 -5.137496835438803977e-01 -1.799459091249334364e+01 -2.094023901771442653e-02 9.990095841463031423e-01 -3.926012240462822822e-02 -3.042828133789227341e+00 5.133274998773400544e-01 4.444076401598531789e-02 8.570413651111911113e-01 4.482953607306241395e+01
8.527284250519041597e-01 -5.244463184266045554e-03 -5.223281759319853279e-01 -1.855615928271557280e+01 -1.899493698945375203e-02 9.989769106858252812e-01 -4.104052043600406319e-02 -3.109425447424887246e+00 5.220090320494863434e-01 4.491800909336773895e-02 8.517563901888453026e-01 4.574686306627010879e+01
8.469402095563591804e-01 -7.958641898419455823e-03 -5.316285695303091252e-01 -1.912944287189099057e+01 -1.825019830254631659e-02 9.988635968507533214e-01 -4.402777733771101598e-02 -3.169292330500570909e+00 5.313748356176121179e-01 4.699122174385385320e-02 8.458324979789380027e-01 4.663449843400207584e+01
8.405737031999578335e-01 -8.282428055119916976e-03 -5.416338663401909503e-01 -1.971819043929030713e+01 -1.831803832590894396e-02 9.988766370245890647e-01 -4.370255722128316145e-02 -3.235577059782424048e+00 5.413873875227349641e-01 4.665689023551747999e-02 8.394777167400659934e-01 4.754580714752360393e+01
8.349555871620982783e-01 -5.078772089027035370e-03 -5.502938920788789101e-01 -2.031972427219095323e+01 -1.956483163614318108e-02 9.990513213348457544e-01 -3.890597302168256888e-02 -3.275682068247161460e+00 5.499694440537487017e-01 4.325116680693551208e-02 8.340641180532679666e-01 4.839773757725411230e+01
8.300035672783586671e-01 -1.220287910097229804e-03 -5.577567419293922857e-01 -2.092120711775897135e+01 -2.143111906048390108e-02 9.991893718437688809e-01 -3.407794552410914335e-02 -3.341208277298926443e+00 5.573462031254056148e-01 4.023816736647627124e-02 8.293045916566073039e-01 4.929115992720868888e+01
8.258767036624872215e-01 -6.965839613526101162e-04 -5.638503160950851800e-01 -2.153530695845911680e+01 -2.324487878565175553e-02 9.991070544913913665e-01 -3.528128852905249024e-02 -3.390777217003074995e+00 5.633714145801909101e-01 4.224462640802205404e-02 8.251230495428595324e-01 5.017949652671132554e+01
8.222889908207110521e-01 -2.700209753573440917e-03 -5.690637206691384620e-01 -2.216247527828118535e+01 -2.398724878804868454e-02 9.989355126496609616e-01 -3.940118662293715796e-02 -3.442169151871544042e+00 5.685643608042222352e-01 4.604943494700825674e-02 8.213489047783112396e-01 5.104391672177533223e+01
8.191884097037296364e-01 -4.962163589475630104e-03 -5.735030252680353158e-01 -2.276336266708227640e+01 -2.632206977688267280e-02 9.985835758298177156e-01 -4.623841229582780626e-02 -3.520037182609814241e+00 5.729201541546754539e-01 5.297375806347835725e-02 8.178974778185639227e-01 5.190075249513115097e+01
8.159566236513241533e-01 -5.571101912279252319e-03 -5.780862779047245548e-01 -2.338145476420297086e+01 -2.711259830651902361e-02 9.984845119352998566e-01 -4.789140304134309467e-02 -3.573873966914230316e+00 5.774770128817378056e-01 5.475072855903870273e-02 8.145690048791706106e-01 5.276057475615204595e+01
8.128998763675967520e-01 -4.315093641757812570e-03 -5.823874693334392116e-01 -2.401217484505924915e+01 -2.634545649761016461e-02 9.986764709049247291e-01 -4.417265477789843880e-02 -3.639259841297998399e+00 5.818072817378561190e-01 5.125120930128707758e-02 8.117102974254140069e-01 5.362310770484405253e+01
8.097648475282884784e-01 -2.962800364505497209e-03 -5.867470552948957918e-01 -2.468280214928782712e+01 -2.450244734049356055e-02 9.989442144020308501e-01 -3.885983315498311302e-02 -3.697393943904474956e+00 5.862427202371960355e-01 4.584406559528149405e-02 8.088373144193132802e-01 5.450699705031406239e+01
8.066282576073121602e-01 -9.906519395319391720e-04 -5.910582593289727127e-01 -2.531790760487023206e+01 -2.502090459133855804e-02 9.990449505374028316e-01 -3.582096016982327241e-02 -3.754290962210648175e+00 5.905292657410590174e-01 4.368301087832154872e-02 8.058331015369886163e-01 5.536501849744252723e+01
8.035790512659402030e-01 -3.788764545014171835e-04 -5.951979149946938774e-01 -2.594695421497245391e+01 -2.625505282212953206e-02 9.990038495559948606e-01 -3.608297139505049073e-02 -3.812951939245584843e+00 5.946186895668233996e-01 4.462247249916019565e-02 8.027686190428363622e-01 5.620910434012512269e+01
8.001623719557846570e-01 -1.631308128232702818e-03 -5.997812188117402910e-01 -2.660298033703304199e+01 -2.607954771578774658e-02 9.989559032645152215e-01 -3.750947312318399229e-02 -3.865072993377734356e+00 5.992161890373380873e-01 4.565569178743836276e-02 7.992843820903197116e-01 5.707046423434396587e+01
7.960556407067601592e-01 -3.580290631848215104e-03 -6.052128480162490831e-01 -2.726570883505463527e+01 -2.592354600444999463e-02 9.988630549561530181e-01 -4.000709005598430956e-02 -3.926077269013958482e+00 6.046680017003215335e-01 4.753713271675968910e-02 7.950577562028307010e-01 5.791816193043862881e+01
7.918367796211112086e-01 -4.634125124551630517e-03 -6.107151809088465777e-01 -2.791987731499462910e+01 -2.532495915624901478e-02 9.988619875217149557e-01 -4.041505134036080943e-02 -3.979648934686217387e+00 6.102074783355102561e-01 4.746846101101695470e-02 7.908183013036529374e-01 5.876226420848037435e+01
7.873442226072034922e-01 -4.908904745261628844e-03 -6.164940960991872609e-01 -2.860406180579434121e+01 -2.477505043271717444e-02 9.989086237080428976e-01 -3.959492901664967562e-02 -4.037901520036869307e+00 6.160156474134965698e-01 4.644851081087576772e-02 7.863633162827566858e-01 5.962511678453267905e+01
7.825413395050894172e-01 -5.302033225822061838e-03 -6.225760459739612118e-01 -2.928121505525274060e+01 -2.427480978551258689e-02 9.989435563772539606e-01 -3.901928788996941039e-02 -4.091599138177973494e+00 6.221252217679422714e-01 4.564712077549455682e-02 7.815859237144551219e-01 6.045604065313955289e+01
7.770506385864328625e-01 -6.069384892914703698e-03 -6.294088179401766681e-01 -2.997769746375645283e+01 -2.429557323362925569e-02 9.989191205599005086e-01 -3.962720966758089686e-02 -4.154195184918215489e+00 6.289690265218078613e-01 4.608419647706071820e-02 7.760632822166672051e-01 6.129407927817641877e+01
7.716430103767031312e-01 -7.090142072995857421e-03 -6.360163415648711904e-01 -3.068642214078186115e+01 -2.406925063976071699e-02 9.988961773371425323e-01 -4.033730430964770075e-02 -4.218008410330184255e+00 6.356003004906513043e-01 4.643443553176757749e-02 7.706205998113185851e-01 6.213866938713439225e+01
7.664184547754939736e-01 -8.249138610505541563e-03 -6.422886392171968106e-01 -3.136620257671859235e+01 -2.371551499754323208e-02 9.988724082043789476e-01 -4.112768555679716803e-02 -4.272645611758132844e+00 6.419036788640909430e-01 4.675322293518395511e-02 7.653586159358868324e-01 6.292256748997100146e+01
7.605226527766826283e-01 -9.475895952537975384e-03 -6.492422460290409036e-01 -3.209652100207621572e+01 -2.351992041376699955e-02 9.988352784163678777e-01 -4.212956178892703074e-02 -4.330835590025918336e+00 6.488852861044880349e-01 4.731061191418238498e-02 7.594139842115648076e-01 6.378950555407271850e+01
7.543846265080028646e-01 -1.173996810891381887e-02 -6.563276622974658636e-01 -3.282605128825694862e+01 -2.211273479738639150e-02 9.988181212199158665e-01 -4.328264918606854195e-02 -4.397585099498350303e+00 6.560601107945774890e-01 4.716496453763290714e-02 7.532334334365612394e-01 6.459217773041230259e+01
7.484135623563514805e-01 -1.213702908412886416e-02 -6.631212739078625740e-01 -3.356126617241714882e+01 -2.202694567204486684e-02 9.988261233440531850e-01 -4.314150006433912360e-02 -4.464300534789979125e+00 6.628664723963386685e-01 4.689421987556719601e-02 7.472676763878159933e-01 6.542036482044800039e+01
7.420709536417763319e-01 -1.226593819971230279e-02 -6.702091002509781292e-01 -3.431679560374856663e+01 -2.144669227241462195e-02 9.988862421478450493e-01 -4.202754662806253150e-02 -4.514889334935195286e+00 6.699781684480500266e-01 4.556118977136460607e-02 7.409814034200917776e-01 6.624149414362084087e+01
7.359952082530818451e-01 -1.293300441820071679e-02 -6.768631931249781131e-01 -3.506229777707301309e+01 -2.023972400409636274e-02 9.989502217494851122e-01 -4.109511009742584237e-02 -4.586103364839243746e+00 6.766841317799285882e-01 4.394532814637161500e-02 7.349608169924471968e-01 6.703742022870933681e+01
7.293822182555048661e-01 -1.459158533023911103e-02 -6.839507705572285268e-01 -3.584443898204264656e+01 -1.893818713451355523e-02 9.989586648992164752e-01 -4.150820307781506041e-02 -4.646566867153825164e+00 6.838442308977408235e-01 4.322813272360172265e-02 7.283463497276515541e-01 6.785750857623850152e+01
7.226835702323286537e-01 -1.663215663729356031e-02 -6.909788851557920886e-01 -3.663799933781645990e+01 -1.814844950511777799e-02 9.989091320980110211e-01 -4.302533696680881786e-02 -4.708749123823369409e+00 6.909407345333592465e-01 4.363389933857372838e-02 7.215933710285664660e-01 6.865435612216045058e+01
7.168276260575048298e-01 -1.546422118779773938e-02 -6.970789075024209636e-01 -3.741429570525023252e+01 -2.021631285775520384e-02 9.988727339084327861e-01 -4.294836647315347644e-02 -4.771862945280042290e+00 6.969572891489589361e-01 4.487894067087991323e-02 7.157069420170941720e-01 6.946272716917069090e+01
7.115219190311480313e-01 -1.592392381872727650e-02 -7.024834362164525947e-01 -3.822281852464292484e+01 -1.942368120987322117e-02 9.989154057274046705e-01 -4.231705142459651209e-02 -4.828724571478852923e+00 7.023953923266861299e-01 4.375432375143752106e-02 7.104409061904500833e-01 7.024596898876382056e+01
7.067986352471921085e-01 -1.509176976191447216e-02 -7.072537863813528336e-01 -3.902386169254955917e+01 -2.091026021842296023e-02 9.988898520358094890e-01 -4.221166371295125702e-02 -4.887766452499371361e+00 7.071056909394711765e-01 4.462400681485738374e-02 7.056984123322525004e-01 7.105181442967716521e+01
7.020336416806114421e-01 -1.547433744744777448e-02 -7.119756325648101125e-01 -3.985592566406478454e+01 -2.134852491041965700e-02 9.988572610027883769e-01 -4.275994226825106242e-02 -4.958231604125814762e+00 7.118237243005921533e-01 4.521854731525454252e-02 7.009010471728980285e-01 7.184078172765735815e+01
6.967696011765106556e-01 -1.790733982225432147e-02 -7.170714333103689331e-01 -4.069173131730070025e+01 -2.096747657281371885e-02 9.987526539339580678e-01 -4.531557370652781330e-02 -5.031678289337045307e+00 7.169884908249489763e-01 4.660969250702114153e-02 6.955250176245890703e-01 7.264785054158005551e+01
6.915224706428803048e-01 -1.973262252427372340e-02 -7.220853734109504707e-01 -4.151599980323388195e+01 -2.116548777159439967e-02 9.986441218324159097e-01 -4.755985797208391042e-02 -5.095466674892647596e+00 7.220448067970751671e-01 4.817199945024083080e-02 6.901672008457212515e-01 7.342414389841859190e+01
6.868046882408674891e-01 -2.002533245937222761e-02 -7.265660991596839535e-01 -4.237489800578459409e+01 -2.233407344969101649e-02 9.985669370966075986e-01 -4.863395250204731457e-02 -5.156435156436156575e+00 7.264988078337717425e-01 4.962920704173544306e-02 6.853732076841970722e-01 7.420376304553835212e+01
6.815818483799965799e-01 -1.964534432573060777e-02 -7.314781161861244607e-01 -4.322395440555911250e+01 -2.187362916852496342e-02 9.986458293067099756e-01 -4.720224560878166081e-02 -5.235667713676315671e+00 7.314148869428968025e-01 4.817227468136817820e-02 6.802291562563029803e-01 7.499438462924899795e+01
6.769317022210273871e-01 -2.038436643511538221e-02 -7.357635068956379643e-01 -4.407865325690983127e+01 -2.038188298324512121e-02 9.987139816067828191e-01 -4.642156634049942471e-02 -5.301905642937435381e+00 7.357635884051735298e-01 4.642047541771572583e-02 6.756456848531102732e-01 7.577011426374380676e+01
6.717085600649979060e-01 -2.086151709517919395e-02 -7.405217061406794699e-01 -4.495358066310606659e+01 -2.018697996551626489e-02 9.987167888968528917e-01 -4.644632867407286897e-02 -5.374197176963221523e+00 7.405404141215509162e-01 4.614729318799917768e-02 6.704254861851729475e-01 7.653709415956430462e+01
6.669429050089236144e-01 -2.167181959929114984e-02 -7.447935844316883047e-01 -4.583644079704643559e+01 -1.954599009850645913e-02 9.987240814360556218e-01 -4.656354218849249188e-02 -5.442081587481183647e+00 7.448524180091182778e-01 4.561295190174152747e-02 6.656683440402786367e-01 7.733619070252242977e+01
6.627362821253780512e-01 -2.210820069996221465e-02 -7.485264440472775282e-01 -4.673282524300033458e+01 -1.916800964311552932e-02 9.987357912939444082e-01 -4.646941601053843074e-02 -5.513381428405137896e+00 7.486075184929722459e-01 4.514472987026799805e-02 6.614746759850552715e-01 7.811329246462315723e+01
6.586191483628638377e-01 -2.314092113004497658e-02 -7.521205386829932227e-01 -4.763218943551800066e+01 -1.773263173493609679e-02 9.987721238777772514e-01 -4.625795459121574693e-02 -5.579279705839052639e+00 7.522674924935388585e-01 4.380345094934685879e-02 6.574000972513688312e-01 7.887983835525709253e+01
6.545524517830457745e-01 -2.590082466318639060e-02 -7.555727791476808397e-01 -4.853320613185526611e+01 -1.471405670726016156e-02 9.987872210110400051e-01 -4.698493056044388688e-02 -5.655282870145241780e+00 7.558733978515257412e-01 4.187164195403247913e-02 6.533775191713994124e-01 7.963785188408706972e+01
6.503784122978293336e-01 -3.012423983258150084e-02 -7.590128064447816403e-01 -4.944534597281980126e+01 -1.197924643629538939e-02 9.986823198148867542e-01 -4.990111978421853806e-02 -5.733488154045880414e+00 7.595159167201711581e-01 4.154701225089102445e-02 6.491605569150663557e-01 8.042284592881821936e+01
6.455966775181563033e-01 -3.414138306291215202e-02 -7.629149921166071824e-01 -5.034923815778533651e+01 -8.617475836636804415e-03 9.986108730602065719e-01 -5.198137473540562215e-02 -5.801240119115965044e+00 7.636299355585731696e-01 4.013340405553274259e-02 6.444056502997667080e-01 8.118304058029342229e+01
6.390255745345719829e-01 -3.801993581039016246e-02 -7.682452659731270339e-01 -5.128566909729000400e+01 -3.052911139200236573e-03 9.986444149795842273e-01 -5.196164119525230329e-02 -5.878224324317618432e+00 7.691794357457855114e-01 3.555020182837708570e-02 6.380432506228128631e-01 8.195225681241288385e+01
6.303867148615027727e-01 -4.179529765594598711e-02 -7.751552952522334783e-01 -5.219945417773539020e+01 2.335690181069363137e-03 9.986471536561780660e-01 -5.194619358013839727e-02 -5.965644115491326893e+00 7.762777492802060975e-01 3.093566734287066938e-02 6.296315204460709580e-01 8.270705951767735087e+01
6.217042515860963237e-01 -4.273321496801513880e-02 -7.820854714492274651e-01 -5.315048245134164517e+01 4.419418438547810524e-03 9.986860567224459251e-01 -5.105515475722093022e-02 -6.043756403815698341e+00 7.832396199405886605e-01 2.828484342991776507e-02 6.210762245130053705e-01 8.345284447432172215e+01
6.127918461970949249e-01 -4.206935073591611118e-02 -7.891237618574192814e-01 -5.411396214502973834e+01 6.478166123654087449e-03 9.988158401903839412e-01 -4.821774284583527082e-02 -6.114755488545178252e+00 7.902178160095970627e-01 2.443536440016225164e-02 6.123387360652340350e-01 8.420902798339990625e+01
6.038616862096688465e-01 -4.177347405113281120e-02 -7.959937368933159840e-01 -5.510463736972090487e+01 6.034698637150070349e-03 9.988367567186409168e-01 -4.784052484977668190e-02 -6.198364778054424207e+00 7.970662812294420085e-01 2.408547724055448008e-02 6.034113395982341199e-01 8.494652579720569463e+01
5.942032898465832158e-01 -4.257215553940190550e-02 -8.031874314833901130e-01 -5.607030277224309600e+01 4.112926697890937136e-03 9.987460113845935128e-01 -4.989477484864352635e-02 -6.263639066947316536e+00 8.043043856058499363e-01 2.634418790132516189e-02 5.936332629616563050e-01 8.564246099308022053e+01
5.843189874117871163e-01 -4.456531644853316265e-02 -8.102994764349461532e-01 -5.708442879413103554e+01 4.748756832846772261e-03 9.986616747335291810e-01 -5.150056994320836856e-02 -6.347495941178631362e+00 8.115101853960678957e-01 2.624484527028843328e-02 5.837486095288159094e-01 8.636540982421614387e+01
5.746077250028296390e-01 -4.583975021764954971e-02 -8.171442146095647674e-01 -5.808524490273558172e+01 4.504265315318525115e-03 9.985922414491654742e-01 -5.285117679334978141e-02 -6.417255822155871314e+00 8.184165717432679843e-01 2.668805968238169291e-02 5.740052916015836448e-01 8.705909742955205388e+01
5.646461928954714660e-01 -4.716817071116907734e-02 -8.239841188603853617e-01 -5.908265829340180630e+01 7.809612139491233299e-03 9.986262291443797068e-01 -5.181374716054722163e-02 -6.500317905364696003e+00 8.252961274330053998e-01 2.282143822142475298e-02 5.642388646807015018e-01 8.774714677008883257e+01
5.541110423334612012e-01 -4.735857431860265171e-02 -8.310945226737237457e-01 -6.013111659882603988e+01 9.527236070424219966e-03 9.986757905976736405e-01 -5.055588013829681593e-02 -6.584388563215830104e+00 8.323882482942893679e-01 2.009553721976065077e-02 5.538284807593372161e-01 8.843244048538429070e+01
5.438261584716983510e-01 -4.775764276434663752e-02 -8.378378746190583426e-01 -6.118624388808397185e+01 9.866600250538353628e-03 9.986742481604271582e-01 -5.052124533023208408e-02 -6.669515865225903894e+00 8.391398996147336753e-01 1.920816286706819587e-02 5.435763866819076640e-01 8.912826025401083996e+01
5.332742630491141833e-01 -4.850283231348279100e-02 -8.445507815783045436e-01 -6.223815835057076384e+01 8.613430063865588210e-03 9.986145172432316919e-01 -5.191199036639571052e-02 -6.746036852959791830e+00 8.458985642254703841e-01 2.040884880150986569e-02 5.329531976863964848e-01 8.976612574663312216e+01
5.230365329423708465e-01 -4.914985688709529871e-02 -8.508919224164005479e-01 -6.331775796065086581e+01 7.635097466315285408e-03 9.985660300738328221e-01 -5.298668550109784936e-02 -6.821616354643740721e+00 8.522760717365316374e-01 2.121732900667943483e-02 5.226617794196990463e-01 9.041614997838971135e+01
5.131807824616456681e-01 -4.949825007926104969e-02 -8.568520259877403511e-01 -6.438237543010733077e+01 5.822588115649061577e-03 9.985134243909437046e-01 -5.419445314950436382e-02 -6.910436960057928069e+00 8.582607961001127439e-01 2.282245495048618525e-02 5.127061095462153162e-01 9.104641206572901524e+01
