9.999999999999998890e-01 0.000000000000000000e+00 3.049318610115481221e-19 0.000000000000000000e+00 1.734723475976807094e-18 1.000000000000000000e+00 0.000000000000000000e+00 1.387778780781445676e-17 -2.032879073410320814e-20 0.000000000000000000e+00 1.000000000000000000e+00 0.000000000000000000e+00
9.999999035641449208e-01 -3.962888185584118733e-04 -1.892811100222936498e-04 1.065978961661534150e-02 3.964279057646191012e-04 9.999996510691138152e-01 7.353269169142456069e-04 -2.197085282390974503e-02 1.889896461354451183e-04 -7.354018889719048796e-04 9.999997117336592023e-01 1.348332301280193102e+00
9.999992955215383228e-01 -1.186723583754004108e-03 -2.541085356544346674e-05 -4.209519882147435069e-03 1.186744163608356023e-03 9.999989551953765154e-01 8.253751160646220428e-04 -3.805173681956645904e-02 2.443133621222593063e-05 -8.254046975632875829e-04 9.999996590551464282e-01 2.623168396694245175e+00
9.999985032781304461e-01 -1.694603199993090052e-03 -3.489471499354540856e-04 -9.216597362274567967e-03 1.694788351511224665e-03 9.999984228897288441e-01 5.309494069172752267e-04 -7.261812895560332271e-02 3.480468577407463439e-04 -5.315400078162411945e-04 9.999997981645849521e-01 3.960593910688599006e+00
9.999977075503763135e-01 -2.139654538078175280e-03 8.231942315162197352e-05 -1.448502029333911638e-02 2.139621202661308279e-03 9.999976297434712835e-01 4.031433260514045297e-04 -8.980807083053636564e-02 -8.318181632133498011e-05 -4.029662716069533357e-04 9.999999153494657511e-01 5.290424540239957452e+00
9.999968845934233963e-01 -2.480424236688717407e-03 -2.798270873903459526e-04 -1.463397924544408354e-02 2.480684118925506956e-03 9.999964886364834937e-01 9.321567807352854063e-04 -1.057247607625129981e-01 2.775139664754803321e-04 -9.328480463886741625e-04 9.999995263904460918e-01 6.584136136581199672e+00
9.999930686352175302e-01 -3.720477885579552210e-03 -1.439874765268404910e-04 -1.975478290237609597e-02 3.720762004515872773e-03 9.999910260616436952e-01 2.025763821619357488e-03 -1.399306697473440553e-01 1.364493795246525033e-04 -2.026285539580832337e-03 9.999979377724412810e-01 7.936477184838622634e+00
9.999929626352193068e-01 -3.747199183919001225e-03 -1.821671651703963819e-04 -2.359234439843166387e-02 3.747606580045256298e-03 9.999903560531028246e-01 2.289811863721416541e-03 -1.552029543906058850e-01 1.735850327350929286e-04 -2.290478458928344417e-03 9.999973617852403462e-01 9.275531544058706501e+00
9.999950705965031661e-01 -3.122033692876741845e-03 -3.342058371308406837e-04 -3.652364987207951802e-02 3.122529934039213785e-03 9.999940078510298758e-01 1.494678165310331548e-03 -1.806976710483398918e-01 3.295374063485400208e-04 -1.495714377029118414e-03 9.999988271215125568e-01 1.057493658385160984e+01
9.999997287082249553e-01 -6.595758789087313029e-04 -3.279388525211468335e-04 -4.803199861791444814e-02 6.593395765881271756e-04 9.999995233127225713e-01 -7.201698271398901050e-04 -2.066362862556770374e-01 3.284137079332367188e-04 7.199534154757091312e-04 9.999996869058668247e-01 1.193188895095094537e+01
9.999978486245388876e-01 2.034252902720965969e-03 -4.056563217559738680e-04 -6.202095422826311988e-02 -2.035027507749810963e-03 9.999960894184197757e-01 -1.918284412063565696e-03 -2.283185419214448508e-01 4.017524647370817291e-04 1.919105822724732902e-03 9.999980778121495550e-01 1.329374912360418293e+01
9.999878282790035655e-01 4.922036939006078915e-03 -3.418134379246947729e-04 -7.540198455831925717e-02 -4.922704371977013396e-03 9.999859233765439059e-01 -1.979909120989093059e-03 -2.562753287798224533e-01 3.320634439216828423e-04 1.981567683040502681e-03 9.999979815596993227e-01 1.460969917608717239e+01
9.999841639747846234e-01 5.626237462956689556e-03 1.313056628581771106e-04 -8.505594468192173574e-02 -5.626064481026352496e-03 9.999833506706617969e-01 -1.282883807841772063e-03 -2.880605936351566809e-01 -1.385212898134020204e-04 1.282124765895197895e-03 9.999991684833985373e-01 1.597201715165856761e+01
9.999930587761109990e-01 3.722733887879242989e-03 1.537699944371067413e-04 -8.490368371360780542e-02 -3.722897371387111354e-03 9.999924903165727796e-01 1.076732269436085805e-03 -3.143050701641653677e-01 -1.497604539490953845e-04 -1.077297277881638336e-03 9.999994085010293077e-01 1.732962539983573080e+01
9.999997572526340139e-01 -3.917567746723835814e-04 5.762142216685630855e-04 -8.780961837416621785e-02 3.899524861932669034e-04 9.999950315250698551e-01 3.128076208522524802e-03 -3.391907499955815197e-01 -5.774368108756471919e-04 -3.127850780959828218e-03 9.999949415452865642e-01 1.866430883547682740e+01
9.999969293207963128e-01 -2.465474254875859618e-03 -2.505790027431596635e-04 -9.025835295293986593e-02 2.465856601614837586e-03 9.999957784452098153e-01 1.537087546516204169e-03 -3.721170490422687771e-01 2.467883010933426507e-04 -1.537700731131703275e-03 9.999987872856094251e-01 2.002821861194811248e+01
9.999953935528274052e-01 -3.028285516876681564e-03 2.058294720376480753e-04 -9.290541880791378104e-02 3.028455332719317585e-03 9.999950700373493317e-01 -8.296709769905598678e-04 -3.898995737668186079e-01 -2.033159806696495180e-04 8.302905104621673485e-04 9.999996346398468683e-01 2.138886910821686627e+01
9.999994295577667724e-01 -9.581983250242526867e-04 4.719560738187374106e-04 -1.024702617314188768e-01 9.591328624336909955e-04 9.999975721128685491e-01 -1.983892923498081079e-03 -4.443594476237592295e-01 -4.700539749614134218e-04 1.984344479727039208e-03 9.999979207104434664e-01 2.275200409033725890e+01
9.999984257034363333e-01 1.165570806198513651e-03 1.337921905019248073e-03 -1.121441156598526750e-01 -1.164167820085623348e-03 9.999987722208407703e-01 -1.048938737654742104e-03 -4.371482860780467328e-01 -1.339142898995326946e-03 1.047379530733307321e-03 9.999985548441344685e-01 2.410450782899198785e+01
9.999970757345663097e-01 1.156647370002112513e-03 2.123838489643733399e-03 -1.181471416833980020e-01 -1.163431980873997837e-03 9.999942158330347164e-01 3.196048793770272112e-03 -4.551601119311793342e-01 -2.120129537451589420e-03 -3.198510417543311019e-03 9.999926372627491178e-01 2.549101340836177698e+01
9.999978552914408070e-01 -4.672714443663900444e-04 2.017690150070632505e-03 -1.133481842613005830e-01 4.586142383623745267e-04 9.999906970827474595e-01 4.288988112071231290e-03 -4.789800940046152755e-01 -2.019675532297292037e-03 -4.288053609223655901e-03 9.999887666895456162e-01 2.685950767161990527e+01
9.999894882067305035e-01 -4.023729154939164991e-03 2.198428995477805757e-03 -1.165007295865805731e-01 4.015809703918619099e-03 9.999854746759255786e-01 3.594954997020760254e-03 -5.271226776026179950e-01 -2.212862222390271898e-03 -3.586088763190301617e-03 9.999911215635880479e-01 2.823657406521350310e+01
9.999873486781988285e-01 -4.643583917077852632e-03 1.933810492620040029e-03 -1.214391361256113716e-01 4.641928667370605853e-03 9.999888567416698182e-01 8.595825375177926567e-04 -5.262644503939661877e-01 -1.937780519586575212e-03 -8.505950550646854472e-04 9.999977607436111304e-01 2.958418171412879616e+01
9.999854990088432594e-01 -4.493752627921369577e-03 2.967822690612994911e-03 -1.235272735207045836e-01 4.496106683463358539e-03 9.999895827807887549e-01 -7.869857651087580619e-04 -5.771332790931932299e-01 -2.964255306389737207e-03 8.003180137225521240e-04 9.999952863275840542e-01 3.098886552382623805e+01
9.999931078049018041e-01 -2.205884194031661368e-03 2.986373335504864408e-03 -1.375727508624082496e-01 2.212852955546902416e-03 9.999948319894207405e-01 -2.332224823152934633e-03 -5.814233766851004681e-01 -2.981213337572338924e-03 2.338817179869107435e-03 9.999928211226185581e-01 3.236886994295192466e+01
9.999932039395598160e-01 -3.575291316505416900e-04 3.669366865571411715e-03 -1.451226511400224017e-01 3.712886019897870121e-04 9.999929004517806863e-01 -3.749825433425804828e-03 -6.250100317483435752e-01 -3.668000209841003334e-03 3.751162381600651845e-03 9.999862371801399030e-01 3.373746664448254506e+01
9.999918259387379216e-01 1.433344211045489702e-04 4.040732121591491220e-03 -1.453010477185862626e-01 -1.280512457957957290e-04 9.999928389372239046e-01 -3.782284766118261185e-03 -6.468156356172457544e-01 -4.041245390743808570e-03 3.781736467105016077e-03 9.999846832821774889e-01 3.512915244539731674e+01
9.999944360023145240e-01 -3.620981208102723101e-04 3.316150554365499166e-03 -1.476645758030495637e-01 3.699992145017863207e-04 9.999970938543657484e-01 -2.382306270915866830e-03 -6.834437645749174006e-01 -3.315278348097240330e-03 2.383520014098094303e-03 9.999916638437127414e-01 3.653183693953303646e+01
9.999941346867591285e-01 8.847589479473623453e-04 3.308745456578854674e-03 -1.462975283220539213e-01 -8.808082092384809936e-04 9.999988977197108442e-01 -1.195298346790692537e-03 -7.126887060090535408e-01 -3.309799418826761888e-03 1.192376979231503376e-03 9.999938117109814506e-01 3.793321257922604417e+01
9.999894262912966125e-01 3.517185625522223358e-03 2.962550974405654680e-03 -1.640087678297684759e-01 -3.514835485556306108e-03 9.999935044457118893e-01 -7.981257192683412910e-04 -7.399344327094102836e-01 -2.965338939741220259e-03 7.877044083403192051e-04 9.999952931302074077e-01 3.932139038335468229e+01
9.999780924123691239e-01 5.718502335110847365e-03 3.333679648672970355e-03 -1.652821633175011184e-01 -5.715465040969890109e-03 9.999832434649092994e-01 -9.199238013473300807e-04 -7.655549720014834802e-01 -3.338884433395228855e-03 9.008501258986256408e-04 9.999940201396799733e-01 4.071189477705389947e+01
9.999603021652190282e-01 8.186785113355609864e-03 3.517190949705033699e-03 -1.741837005760357993e-01 -8.184986597692973237e-03 9.999663643855690731e-01 -5.254595194840944519e-04 -7.937798312521718858e-01 -3.521374533267692016e-03 4.966505011655348092e-04 9.999936766074306593e-01 4.212675814458157220e+01
9.999534322020767751e-01 9.177139148983262315e-03 2.985553666160055235e-03 -1.841570971625460795e-01 -9.175122014638294882e-03 9.999576705592940762e-01 -6.886533652872683237e-04 -8.220403132798297374e-01 -2.991747210451395356e-03 6.612284794458378814e-04 9.999953060996581433e-01 4.353270334966070010e+01
9.999632407565560710e-01 8.053432862815988053e-03 2.942676216988711693e-03 -1.834316095934589164e-01 -8.051449693533616406e-03 9.999673518161398267e-01 -6.851826192483300229e-04 -8.469355807107309397e-01 -2.948098268660003657e-03 6.614646260775713590e-04 9.999954355780958926e-01 4.495602436110149824e+01
9.999671283758991835e-01 7.840037642211571470e-03 2.067840720696113507e-03 -1.845662947353154115e-01 -7.837798448369688586e-03 9.999686912468637168e-01 -1.088786824723975317e-03 -8.823683627236525995e-01 -2.076312146618634197e-03 1.072543722011277609e-03 9.999972692836626154e-01 4.636251979378200616e+01
9.999710467956353099e-01 7.441766206060212996e-03 1.589236968143826340e-03 -1.833975901187976931e-01 -7.440694465283304374e-03 9.999720869508171850e-01 -6.792639145990772911e-04 -9.126111713132423198e-01 -1.594247559924180397e-03 6.674192234003874236e-04 9.999985064608690744e-01 4.778061567682512134e+01
9.999712784033935042e-01 7.567911742906175895e-03 4.111766517341668191e-04 -2.006991696320355179e-01 -7.567988546479531217e-03 9.999713451836209632e-01 1.854061709433410185e-04 -9.387642868096427451e-01 -4.097617397011437844e-04 -1.885126326432199836e-04 9.999998982788804724e-01 4.918041964204248728e+01
9.999674699174707637e-01 8.055902740350810373e-03 -4.018978595590806148e-04 -2.093439123897047893e-01 -8.055789516991655047e-03 9.999675116448392131e-01 2.827109063492328975e-04 -9.704267246709377126e-01 4.041623005556586054e-04 -2.794641137784312224e-04 9.999998792766296996e-01 5.058337414201448468e+01
9.999622129983720686e-01 8.577686044976063837e-03 -1.412748748553022647e-03 -2.193775082008861954e-01 -8.577245794971646506e-03 9.999631643729411934e-01 3.174401117115258769e-04 -9.937219977415365779e-01 1.415419634597050481e-03 -3.053106334808090849e-04 9.999989516868321715e-01 5.205284850632505567e+01
9.999607279210610544e-01 8.448328930685778185e-03 -2.677374416977516478e-03 -2.287522640586144296e-01 -8.445098063269634164e-03 9.999636004544875112e-01 1.215771656987781925e-03 -1.023658678401356825e+00 2.687548247402993598e-03 -1.193113240991370075e-03 9.999956767753455100e-01 5.344683862313860345e+01
9.999677649743330399e-01 7.428315049576949755e-03 -3.047807266073875639e-03 -2.476210076861927734e-01 -7.421772250847384622e-03 9.999701416549400257e-01 2.152465776495689903e-03 -1.054236208086544613e+00 3.063705511769313893e-03 -2.129776287939881899e-03 9.999930388590049235e-01 5.489705092903444950e+01
9.999800797132736285e-01 5.004991629168113743e-03 -3.845805547503925760e-03 -2.589245560423116821e-01 -4.996245222782131137e-03 9.999849182416308269e-01 2.280533239648886192e-03 -1.074898474670795245e+00 3.857161664128335235e-03 -2.261273251044706133e-03 9.999900044267412413e-01 5.630537117795611834e+01
9.999846793028941416e-01 3.615528619192589360e-03 -4.191550943013619066e-03 -2.689637920735072907e-01 -3.606712372466987573e-03 9.999912718407640844e-01 2.108998444262215506e-03 -1.103421969795347790e+00 4.199139576991200648e-03 -2.093848439957444324e-03 9.999889914555172288e-01 5.771979940494406236e+01
9.999883754848618578e-01 2.602047817041708289e-03 -4.059338794815068804e-03 -2.846408721689695498e-01 -2.592537817233188033e-03 9.999938868980604578e-01 2.346256267846636920e-03 -1.132240829184246955e+00 4.065419122944312520e-03 -2.335705031471426579e-03 9.999890083675495589e-01 5.917716190663261244e+01
9.999914809648356995e-01 1.400170070832776337e-03 -3.882977363791736448e-03 -2.972057806475260633e-01 -1.388380036267062093e-03 9.999944233590695175e-01 3.037376086685145225e-03 -1.160109664380567285e+00 3.887208622875005983e-03 -3.031959195363227635e-03 9.999878483456811074e-01 6.060707961684003209e+01
9.999935727735689284e-01 -1.053241918849348938e-03 -3.427111018962273638e-03 -3.082885611543628168e-01 1.065540619207529238e-03 9.999929925379285045e-01 3.588801387156748037e-03 -1.181362727668619383e+00 3.423307190258501661e-03 -3.592430082559189275e-03 9.999876876341481369e-01 6.205073608839045818e+01
9.999937825957402326e-01 -1.869640415574630801e-03 -2.989851778342326322e-03 -3.179425102341209564e-01 1.879876942285993967e-03 9.999923690100156470e-01 3.424613868656917193e-03 -1.214904025507748786e+00 2.983426221343190264e-03 -3.430213162840511140e-03 9.999896663520235762e-01 6.342134996465103569e+01
9.999921322136053892e-01 -2.938016023130233731e-03 -2.665253127511151184e-03 -3.245826463399705264e-01 2.945488346492330066e-03 9.999917307534615940e-01 2.804018021754972959e-03 -1.232674817403835332e+00 2.656992886916283853e-03 -2.811846458606100368e-03 9.999925169284136217e-01 6.484311759936251462e+01
9.999944357136228978e-01 -2.819098477540383889e-03 -1.783599775143772381e-03 -3.289634944754038504e-01 2.823802522676078890e-03 9.999925272460857828e-01 2.640376020509922154e-03 -1.264315667551267452e+00 1.776143000220838748e-03 -2.645397886223419589e-03 9.999949235817373605e-01 6.628591578969897569e+01
9.999972908999510413e-01 -1.605424277960733684e-03 -1.685469127423297811e-03 -3.434391602461888682e-01 1.609310587354695343e-03 9.999960440510312631e-01 2.306945650681797855e-03 -1.296641649444914224e+00 1.681758864662738322e-03 -2.309651865902797620e-03 9.999959185908372516e-01 6.768875821641854884e+01
9.999992731892553000e-01 8.330192266418814245e-04 -8.716060720777728168e-04 -3.530280715960416593e-01 -8.303441555685426440e-04 9.999949581167996149e-01 3.065007401436390874e-03 -1.327081291154528442e+00 8.741549055176411551e-04 -3.064281470304850048e-03 9.999949230042364245e-01 6.913697824709677775e+01
9.999894083100264730e-01 4.600893504289528535e-03 -1.226289824966344838e-04 -3.863830218134728933e-01 -4.600305197200848378e-03 9.999796062822485787e-01 4.429923163577455941e-03 -1.349325492218767186e+00 1.430080924344504444e-04 -4.429312156531729772e-03 9.999901803236969089e-01 7.052581734453733020e+01
9.999682306769098750e-01 7.938698598184490765e-03 7.174170702569239010e-04 -3.992239310648266204e-01 -7.942273086702150361e-03 9.999553263823319771e-01 5.124992844134246966e-03 -1.378450406206018997e+00 -6.766992549263406778e-04 -5.130528000974393828e-03 9.999866097908122198e-01 7.196021544285589755e+01
9.999242741052380978e-01 1.223699638352602516e-02 1.304589039555961900e-03 -4.209201752535118302e-01 -1.224299775012623395e-02 9.999140250286129294e-01 4.695910962574765743e-03 -1.398636760714803140e+00 -1.247013050560153878e-03 -4.711527491940072088e-03 9.999881231627727463e-01 7.332625187102759412e+01
9.998739162588894391e-01 1.573162887957302303e-02 2.160418879316471953e-03 -4.375588464083048357e-01 -1.574055670848569649e-02 9.998673745084039055e-01 4.179509323193764808e-03 -1.420948431042969418e+00 -2.094381897070719985e-03 -4.212988598747585342e-03 9.999889320836026219e-01 7.471107939311703205e+01
9.998366338284810917e-01 1.780569321140255956e-02 3.108522552483929547e-03 -4.506040609648905848e-01 -1.781844878481671918e-02 9.998327293726272380e-01 4.125068799975185017e-03 -1.444672278909398422e+00 -3.034552928883195010e-03 -4.179784001301941818e-03 9.999866603565964462e-01 7.611296354074707438e+01
9.998406221263750338e-01 1.747187647108858211e-02 3.669311736739290855e-03 -4.759829182606393760e-01 -1.748817618090970499e-02 9.998371315134493287e-01 4.458046033141678001e-03 -1.466939111289867759e+00 -3.590823751627673661e-03 -4.521505139875932333e-03 9.999833308472421134e-01 7.751734409935959036e+01
9.998563762857783921e-01 1.660234997039919391e-02 3.404224984122313554e-03 -4.599481384582306265e-01 -1.661770167396961137e-02 9.998516455473083209e-01 4.531988432915089009e-03 -1.499418714567882338e+00 -3.328478349209129661e-03 -4.587907977878546810e-03 9.999839360354313422e-01 7.892263571918404352e+01
9.998598338194379931e-01 1.648177764399099549e-02 2.943414943632378499e-03 -4.673648555639930424e-01 -1.649223503130815491e-02 9.998576399674043991e-01 3.564549657225551515e-03 -1.524086140281453394e+00 -2.884245852375938186e-03 -3.612593561079955815e-03 9.999893150882064319e-01 8.029839766382636412e+01
9.998680990476364050e-01 1.601771574318990726e-02 2.686496073590999636e-03 -4.683164419323628813e-01 -1.602788684612331538e-02 9.998642932046373222e-01 3.808155506417751617e-03 -1.541441510134038628e+00 -2.625133588902916863e-03 -3.850712106381673494e-03 9.999891402846707855e-01 8.166592520344266859e+01
9.998667199939559325e-01 1.608730508329318798e-02 2.782235716187527342e-03 -4.826175335777934117e-01 -1.609820457424328971e-02 9.998626507550562037e-01 3.940490500955259531e-03 -1.568342892175031089e+00 -2.718461750337370936e-03 -3.984754357506871403e-03 9.999883657801709180e-01 8.305626517625010763e+01
9.998770936835955636e-01 1.552750776381222469e-02 2.166564505324678098e-03 -4.846641534158190878e-01 -1.553537890937342451e-02 9.998726029285835981e-01 3.664688894255964998e-03 -1.597932510087838320e+00 -2.109385040751115669e-03 -3.697896924314742362e-03 9.999909379844854618e-01 8.443370479655509087e+01
9.998792299297758479e-01 1.545251007893796123e-02 1.656942679026408892e-03 -4.974602760596377737e-01 -1.545855432628201118e-02 9.998736665422476300e-01 3.699200327450498284e-03 -1.618141164095504347e+00 -1.599571447182450076e-03 -3.724367556798464669e-03 9.999917851943511682e-01 8.583682125897911419e+01
9.998948727929278801e-01 1.449803166102506084e-02 2.245265037572874694e-04 -4.926544213301010666e-01 -1.449886442305864734e-02 9.998856146100092435e-01 4.305885945592665548e-03 -1.648187823648618711e+00 -1.620739507155391631e-04 -4.308688708807425702e-03 9.999907044240432530e-01 8.721651007098894581e+01
9.999127144043543636e-01 1.316215933684218575e-02 -1.149394063140599716e-03 -4.960601517922679782e-01 -1.315597949151534052e-02 9.998997880212382450e-01 5.228206480478697626e-03 -1.675544575227837063e+00 1.218093391410276756e-03 -5.212628786925225903e-03 9.999856722737151538e-01 8.855675547025113303e+01
9.999353735199290050e-01 1.116214949321689062e-02 -2.157586030673475444e-03 -5.021458483485067292e-01 -1.114911073313286198e-02 9.999200628761899523e-01 5.963657225311964211e-03 -1.703228063844695939e+00 2.223980835788493069e-03 -5.939216714052101068e-03 9.999798896072223942e-01 8.993773083111156552e+01
9.999525306630726584e-01 9.251849879057749693e-03 -3.056087706516606370e-03 -5.169748902853359418e-01 -9.233574719031384381e-03 9.999397217015105754e-01 5.940881882354555159e-03 -1.724515302224787439e+00 3.110867696455308154e-03 -5.912381322162333676e-03 9.999776828786790528e-01 9.130670376099951113e+01
9.999604041272138755e-01 8.273178801545081132e-03 -3.277906284298475522e-03 -5.292998135762596590e-01 -8.254353844672856697e-03 9.999495980878098100e-01 5.715500056235563175e-03 -1.744279045243182447e+00 3.325026487438833243e-03 -5.688216808849446034e-03 9.999782939618155897e-01 9.267298473880245524e+01
9.999683212453419623e-01 7.167279401153046903e-03 -3.462165942649801220e-03 -5.482749118566834223e-01 -7.148696370759977797e-03 9.999601341335052629e-01 5.350354764056601715e-03 -1.769623746201432812e+00 3.500375472685668399e-03 -5.325435355589356462e-03 9.999796933520034292e-01 9.404477755736120059e+01
9.999664998520417791e-01 7.373725332679584646e-03 -3.553495333482672297e-03 -5.593694647328325553e-01 -7.356744480834573677e-03 9.999615702719676369e-01 4.768259919037613759e-03 -1.786629911894029199e+00 3.588518678340654657e-03 -4.741958076524450082e-03 9.999823180305709158e-01 9.539888017875959747e+01
9.999689078461203584e-01 6.961953909937833307e-03 -3.703312042546316133e-03 -5.732782569356846825e-01 -6.946077421037566077e-03 9.999667040822036723e-01 4.282843397673027040e-03 -1.814352330746991093e+00 3.733005763566203932e-03 -4.256986790154128689e-03 9.999839712405457215e-01 9.672822922464298756e+01
9.999614418101113733e-01 8.081626308314181217e-03 -3.435431377336065680e-03 -5.904498810022086319e-01 -8.068772061360607664e-03 9.999604557887491474e-01 3.739223272376791980e-03 -1.842377151489140275e+00 3.465514593690695831e-03 -3.711359424973457912e-03 9.999871079298100485e-01 9.809050247883480722e+01
9.999588726828871899e-01 8.531393837227526852e-03 -3.077050715614457459e-03 -6.069690921232496761e-01 -8.520146911100036705e-03 9.999570417696710400e-01 3.649894146842202775e-03 -1.861944956995218003e+00 3.108057271684794027e-03 -3.623527154510407591e-03 9.999886049532725751e-01 9.942451572965086370e+01
9.999516823486317429e-01 9.304321767984374825e-03 -3.172151010936643308e-03 -6.183003855779183322e-01 -9.288628936368269542e-03 9.999447242723117357e-01 4.926437761448220973e-03 -1.894024841618549893e+00 3.217812889375017225e-03 -4.896734848394066614e-03 9.999828336896645631e-01 1.008050945548258284e+02
9.999434292110721545e-01 1.022986196277783470e-02 -2.913464915331849103e-03 -6.424825438635848318e-01 -1.021247411668698736e-02 9.999303167246025303e-01 5.921746832046737366e-03 -1.911471429064247163e+00 2.973840604117064697e-03 -5.891658213206954833e-03 9.999782220836013202e-01 1.021449054080139831e+02
9.999487112314583426e-01 9.753470185939657963e-03 -2.728498323637424793e-03 -6.523261314953789913e-01 -9.738940211019859322e-03 9.999385887611651480e-01 5.288834204699126643e-03 -1.941844047736799750e+00 2.779915301910618024e-03 -5.261990322652540346e-03 9.999822916102987236e-01 1.034960550999579709e+02
9.999460676010302196e-01 9.998080359010419818e-03 -2.810739223108662654e-03 -6.590597654950902662e-01 -9.989281185279131475e-03 9.999452153783017216e-01 3.127382603068514129e-03 -1.958411798924366343e+00 2.841853111457017748e-03 -3.099136709521771796e-03 9.999911595746413528e-01 1.048211476484856064e+02
9.999518874767463483e-01 9.436363575135277640e-03 -2.679132715019307085e-03 -6.766341857439335250e-01 -9.431033340508751528e-03 9.999535361703119074e-01 1.995276499620608594e-03 -1.987425540929617096e+00 2.697836434309507526e-03 -1.969913539105716885e-03 9.999944205462331093e-01 1.061522262023361804e+02
9.999657137563533471e-01 7.786286185593658399e-03 -2.818694767270634675e-03 -6.876292505641377062e-01 -7.778277785897661292e-03 9.999657127082007824e-01 2.841094304467453591e-03 -2.018195635419014700e+00 2.840719746190701039e-03 -2.819072337129966029e-03 9.999919915415780292e-01 1.074798476728522871e+02
9.999892030097827789e-01 4.281286172017959371e-03 -1.806776662798040799e-03 -7.001355367081228964e-01 -4.272701823107551145e-03 9.999796918646292054e-01 4.728623930695590415e-03 -2.034106326485205063e+00 1.826984598331176735e-03 -4.720853105933538532e-03 9.999871877564567857e-01 1.088094676653044814e+02
9.999955234844305485e-01 2.671688209018668880e-03 -1.347251382998580164e-03 -7.069175463485933841e-01 -2.664412023900681464e-03 9.999820105994422503e-01 5.373954748180921961e-03 -2.063700022855961436e+00 1.361584706546908972e-03 -5.370341111298077355e-03 9.999846526456234175e-01 1.101467634438240566e+02
9.999969051800269293e-01 2.415039558625899779e-03 -5.976695882576646933e-04 -7.209333392770901350e-01 -2.412320067427527887e-03 9.999869209987884977e-01 4.509827781071664918e-03 -2.083438159178209403e+00 6.085531982797322183e-04 -4.508372097319410417e-03 9.999896520694794289e-01 1.114808563212026655e+02
9.999923295019139680e-01 3.895571688112345332e-03 4.067576605165169109e-04 -7.361050462473376355e-01 -3.896492978578105365e-03 9.999897883885203731e-01 2.289206836735795461e-03 -2.103956641767382507e+00 -3.978357426993541944e-04 -2.290774229169166044e-03 9.999972970364097158e-01 1.127892627655603377e+02
9.999779372814023848e-01 6.526407074773850001e-03 1.237315809463336970e-03 -7.423142319990252425e-01 -6.527097959317201131e-03 9.999785441943774833e-01 5.551174848846835569e-04 -2.137666150903266171e+00 -1.233666360686788829e-03 -5.631813275980713379e-04 9.999990804458356308e-01 1.141232047599298056e+02
9.999572326537990996e-01 8.797838339490176088e-03 2.851471700325520619e-03 -7.464984750104829425e-01 -8.798279840822020512e-03 9.999612842702105819e-01 1.423003543836827076e-04 -2.157883855053652322e+00 -2.850109418097196163e-03 -1.673823196351653317e-04 9.999959244195132380e-01 1.154410202430862427e+02
9.999417834750984335e-01 9.926070913855314717e-03 4.231165714964137646e-03 -7.708446045737263885e-01 -9.932409785946356290e-03 9.999495775291440403e-01 1.479747937439210466e-03 -2.182475869319602690e+00 -4.216264358780053359e-03 -1.521687480468008995e-03 9.999899537379289827e-01 1.167936487342574310e+02
9.999462534883228892e-01 8.967553423545033750e-03 5.203182664806987878e-03 -7.720260077725470405e-01 -8.987737816201622765e-03 9.999521249598644079e-01 3.868898226329470311e-03 -2.210398523241860147e+00 -5.168239097480733374e-03 -3.915455165650262581e-03 9.999789790338640127e-01 1.180906209564058287e+02
9.999399274081010036e-01 9.080002198667917399e-03 6.139635627569311679e-03 -7.769632850960078718e-01 -9.108031857064590245e-03 9.999481560634158051e-01 4.552906476718444895e-03 -2.234270470444599255e+00 -6.097977026128797128e-03 -4.608553011804145810e-03 9.999707875275756219e-01 1.194719979660926157e+02
9.999208691185755837e-01 1.040615414505832205e-02 7.068765519674274390e-03 -7.755957408471916281e-01 -1.043470973842390570e-02 9.999374968561641763e-01 4.014876441965652132e-03 -2.253840604368205991e+00 -7.026544395424634895e-03 -4.088319296043927201e-03 9.999669561096212744e-01 1.207994582377786656e+02
9.999026314877982324e-01 1.106038922231105184e-02 8.508544131785457376e-03 -7.817189723311427363e-01 -1.109051665068921770e-02 9.999323665160291252e-01 3.501835902924653032e-03 -2.273716231386174069e+00 -8.469237145668585820e-03 -3.595859117720690695e-03 9.999576700088580461e-01 1.220981518774289043e+02
9.998689584548086096e-01 1.307288583685591900e-02 9.548065805066252923e-03 -7.891730058658551483e-01 -1.310341654088024305e-02 9.999092099239371700e-01 3.142038999534722127e-03 -2.292855150245667772e+00 -9.506123581206983586e-03 -3.266739575704307851e-03 9.999494797318249084e-01 1.234659417729869233e+02
9.998438133893323698e-01 1.391560458111684717e-02 1.089517150440959259e-02 -7.765119266697636524e-01 -1.394266528762288550e-02 9.998998878579639094e-01 2.411715795350073167e-03 -2.316518116211643274e+00 -1.086052046916064807e-02 -2.563246870455658868e-03 9.999377374856696088e-01 1.247872029478488685e+02
9.998155986939369910e-01 1.513501655757071469e-02 1.181946980038679068e-02 -7.797493675178268635e-01 -1.515284235070659888e-02 9.998841807024468897e-01 1.420063113224600757e-03 -2.342908509713059750e+00 -1.179660840325803470e-02 -1.598899828698153482e-03 9.999291392572214887e-01 1.261255469490299106e+02
9.998071630511332630e-01 1.491836907046629850e-02 1.277023733449432139e-02 -7.685661123783464888e-01 -1.493654593526875206e-02 9.998875601415768699e-01 1.329172213615601762e-03 -2.369625673378879860e+00 -1.274897259001075284e-02 -1.519659149301359931e-03 9.999175737625510818e-01 1.274802225643175717e+02
9.998065065700345588e-01 1.397536301727119422e-02 1.384336076946095576e-02 -7.744692708559312022e-01 -1.400498001384899681e-02 9.998998346676303273e-01 2.044796678128697927e-03 -2.396213035997163843e+00 -1.381339760726822685e-02 -2.238277031910386981e-03 9.999020852797734227e-01 1.287773394776424425e+02
9.998253973840539599e-01 1.193127832747549119e-02 1.438121471344490365e-02 -7.556504128303976886e-01 -1.197563539835867427e-02 9.999237825648864542e-01 3.002205938037830115e-03 -2.415266007650480606e+00 -1.434429870614932143e-02 -3.173905953293972276e-03 9.998920778762704353e-01 1.301441175762658418e+02
9.998135984390384978e-01 1.237416602126609547e-02 1.482053927790488203e-02 -7.443767110048248314e-01 -1.242359485918871284e-02 9.999175498607023593e-01 3.247736865766326017e-03 -2.446196916266035526e+00 -1.477912954118822987e-02 -3.431255884674925139e-03 9.998848952738635942e-01 1.314879089580727793e+02
9.998299623188878771e-01 1.098989177975486821e-02 1.480772513676691451e-02 -7.256554204397351882e-01 -1.104239640669644508e-02 9.999330146802299923e-01 3.468667558731160661e-03 -2.470705697194268691e+00 -1.476861320895393216e-02 -3.631590552808400263e-03 9.998843431106251289e-01 1.328488628730592893e+02
9.998576766714873942e-01 8.524146704955451459e-03 1.455902896596486008e-02 -7.186150318206878662e-01 -8.587411757094326123e-03 9.999539317778337599e-01 4.288437562985318932e-03 -2.486410680922128247e+00 -1.452180323470726557e-02 -4.412851627890584764e-03 9.998848153440337283e-01 1.341614527411110203e+02
9.998764335809720016e-01 6.801086097103356196e-03 1.417260740787598845e-02 -7.101000091225407873e-01 -6.860416732026603653e-03 9.999678892431369537e-01 4.141880840424062502e-03 -2.514940104923116149e+00 -1.414398326821743844e-02 -4.238599066674557381e-03 9.998909850577762937e-01 1.354738637313222398e+02
9.998899732693389275e-01 6.947788139251473080e-03 1.310609009485142092e-02 -6.932704118415831118e-01 -7.004340839698610516e-03 9.999663353608058136e-01 4.274034011569128808e-03 -2.534529264336838228e+00 -1.307595402334119951e-02 -4.365363308574664661e-03 9.999049769928897158e-01 1.368404579710695543e+02
9.999203065113562161e-01 3.672353557704208932e-03 1.207867762227781555e-02 -6.834686200909876330e-01 -3.732311015047347358e-03 9.999808076569579596e-01 4.945116576331908681e-03 -2.548563235974347752e+00 -1.206028579230360685e-02 -4.989803901549927714e-03 9.999148220475497784e-01 1.381587970180028151e+02
9.999353675162928612e-01 3.510141061843810931e-03 1.081386639176725589e-02 -6.725597815570485416e-01 -3.566102925986171235e-03 9.999803280576754494e-01 5.160078771753453045e-03 -2.580889961342711647e+00 -1.079554124012661181e-02 -5.198308663874180897e-03 9.999282143556431635e-01 1.395135434047808189e+02
9.999491137990014211e-01 2.721000489620284749e-03 9.714215142427748417e-03 -6.684036970265319066e-01 -2.773186971952387031e-03 9.999817749934941657e-01 5.362752899377093777e-03 -2.597734189987458198e+00 -9.699446210786503292e-03 -5.389419386595262207e-03 9.999384355505054334e-01 1.408531374217051280e+02
9.999583391280968403e-01 2.828921896389073945e-03 8.678549110307456557e-03 -6.617020000548441416e-01 -2.870850809934183401e-03 9.999842498752939957e-01 4.822677793907082476e-03 -2.620463203552613862e+00 -8.664769589118428636e-03 -4.847391735204549523e-03 9.999507110611122185e-01 1.421697063122659586e+02
9.999683600886378754e-01 2.650092406409234116e-03 7.500389087979743817e-03 -6.524159351028884224e-01 -2.682404403427521636e-03 9.999871518359296774e-01 4.301264187696588262e-03 -2.628703649845399948e+00 -7.488894100145992473e-03 -4.321247207440547661e-03 9.999626209410052979e-01 1.435289909903096373e+02
9.999777564075318370e-01 1.202304467267406585e-03 6.560576221356901813e-03 -6.505553508452428524e-01 -1.217018604239339385e-03 9.999967522428205857e-01 2.239279185598960081e-03 -2.663490609005642717e+00 -6.557862730428982295e-03 -2.247213734729218947e-03 9.999759719407596004e-01 1.448799225770007126e+02
9.999800432783730875e-01 -2.428721873340551791e-03 5.832183732979698103e-03 -6.543148169164316741e-01 2.419118201347437470e-03 9.999957074496887977e-01 1.653161978756458039e-03 -2.694722219964675869e+00 -5.836173867976303734e-03 -1.639020253198140986e-03 9.999816261711703680e-01 1.462040918543663111e+02
9.999257512793979785e-01 -1.126543007307311689e-02 4.645647379468321493e-03 -6.300596268097090613e-01 1.124703432025890397e-02 9.999288806403904273e-01 3.967097119430722414e-03 -2.714417865041472311e+00 -4.690008115556589322e-03 -3.914552835762169503e-03 9.999813398732484426e-01 1.475569553672843881e+02
9.998116481853358550e-01 -1.915387653483014568e-02 3.130048450856918931e-03 -6.214551020097467404e-01 1.913696265075185560e-02 9.998025725025188049e-01 5.347209008001690793e-03 -2.733172308441452980e+00 -3.231850323305369543e-03 -5.286302263347229108e-03 9.999808048901980273e-01 1.489201353389932478e+02
9.997754959176471390e-01 -2.110177653008113441e-02 1.916462354030436764e-03 -6.261715591967800254e-01 2.109733968157510506e-02 9.997747654246975646e-01 2.306651787773129555e-03 -2.773403937814667763e+00 -1.964705180552550959e-03 -2.265701681972603562e-03 9.999955032535222665e-01 1.502700215041154763e+02
9.997985770297913577e-01 -1.991849492328424953e-02 2.461496736718009597e-03 -6.280824485250532385e-01 1.991986900965676821e-02 9.998014366123471053e-01 -5.349140023288125392e-04 -2.802402001691227440e+00 -2.450353332480311244e-03 5.838389725229776658e-04 9.999968274435405702e-01 1.515919068534858525e+02
9.998191146869480628e-01 -1.879315034120311936e-02 2.924968842779362803e-03 -6.411574959052278588e-01 1.880088916866340387e-02 9.998197592952647872e-01 -2.641109186609123111e-03 -2.819509150855186164e+00 -2.874806932493809315e-03 2.695623504394003417e-03 9.999922345171703419e-01 1.529387386678710925e+02
9.998360464317533891e-01 -1.768425110951202944e-02 3.891985844168252811e-03 -6.561802392513275128e-01 1.769471191726607051e-02 9.998398715021564742e-01 -2.669924147173218659e-03 -2.853218334349999719e+00 -3.844147084385127373e-03 2.738354013006450219e-03 9.999888619104028153e-01 1.543012728496285035e+02
9.997872375577097070e-01 -2.016519064627151497e-02 4.341053180211849015e-03 -6.419944761640421493e-01 2.016589492797525585e-02 9.997966406269273021e-01 -1.184857845224268277e-04 -2.878370374113551122e+00 -4.337781170959303760e-03 2.060018175517311020e-04 9.999905705615212970e-01 1.556145131118674954e+02
9.996407321279369151e-01 -2.633292198836944403e-02 4.998393738540434818e-03 -6.350561632984936811e-01 2.631800989943197666e-02 9.996490408670095640e-01 3.026120443046949153e-03 -2.904113938858596367e+00 -5.076326182371504112e-03 -2.893485482744609372e-03 9.999829291784072538e-01 1.569719823435801231e+02
9.995341532293858799e-01 -3.011268986590558139e-02 4.970160154776708319e-03 -6.217163662812422720e-01 3.009060283890054380e-02 9.995372226600012233e-01 4.460503187998081723e-03 -2.933785547979328001e+00 -5.102177907306677113e-03 -4.308870175513294237e-03 9.999777004577329320e-01 1.583398206563813062e+02
9.994879912137462075e-01 -3.161692573762744235e-02 4.911769872023150595e-03 -6.153403243781556675e-01 3.159456020475617799e-02 9.994903365425168440e-01 4.566275541358781435e-03 -2.963339311773094842e+00 -5.053638196852802342e-03 -4.408752372922996460e-03 9.999775115660852753e-01 1.596716681891984138e+02
9.995279032546811049e-01 -3.019306155559575364e-02 5.687680115711756662e-03 -6.230359708712489564e-01 3.016490086590460640e-02 9.995325617101246118e-01 4.973609100298110458e-03 -2.978007913754685543e+00 -5.835190055073667496e-03 -4.799692786341928571e-03 9.999714563425012859e-01 1.610247286170861969e+02
9.995807541471010138e-01 -2.815494634704301252e-02 6.753886975405391617e-03 -6.194447043195407954e-01 2.812622028136808200e-02 9.995950824437664917e-01 4.311245808057196684e-03 -2.993648921249996597e+00 -6.872535214365787203e-03 -4.119477035078237051e-03 9.999678985651599961e-01 1.623702298307858030e+02
9.996718645083848553e-01 -2.445305132917143659e-02 7.629655374998891258e-03 -6.237833052070239637e-01 2.443542118999463691e-02 9.996985404190910085e-01 2.395502949197392435e-03 -3.015883655909044947e+00 -7.685932827122176660e-03 -2.208283053080047423e-03 9.999680244454031142e-01 1.637329505495881676e+02
9.997357068182486373e-01 -2.144497494707671426e-02 8.284298917369937662e-03 -6.305006431291096947e-01 2.143050734341885380e-02 9.997686631449121952e-01 1.831259719902432817e-03 -3.040136432108755393e+00 -8.321653912670692529e-03 -1.653238994118690595e-03 9.999640077857037124e-01 1.650834075290535168e+02
9.997580971333503985e-01 -2.011041314634946439e-02 8.906095916419215844e-03 -6.269829638302895081e-01 2.008657647243888150e-02 9.997944406236772830e-01 2.757881278966169396e-03 -3.058635970041708063e+00 -8.959727467324400327e-03 -2.578321164186264149e-03 9.999565368220034722e-01 1.664371342042373954e+02
9.997814249142408238e-01 -1.892035489933782677e-02 8.895089104833558621e-03 -6.342125299342934452e-01 1.889672889648764953e-02 9.998177064104083467e-01 2.732682310782976777e-03 -3.081257366194672720e+00 -8.945171056659357786e-03 -2.563996929206772968e-03 9.999567039746751762e-01 1.678125820134742980e+02
9.998372704208955408e-01 -1.600814739642619083e-02 8.316966530566976060e-03 -6.227483763556456164e-01 1.600433434952480000e-02 9.998717846797897657e-01 5.248386882919101395e-04 -3.106048136702072249e+00 -8.324302005120062797e-03 -3.916457530514019791e-04 9.999652756967712941e-01 1.691537959163748610e+02
9.998953707633947419e-01 -1.206919038347618531e-02 7.973844786810171600e-03 -6.246392015934247866e-01 1.208801543815924903e-02 9.999242531071339535e-01 -2.316875077796863927e-03 -3.141841931617161965e+00 -7.945278124918055129e-03 2.413020661809287155e-03 9.999655243438748675e-01 1.705120690360458866e+02
9.999568929973221554e-01 -5.537788865941920685e-03 7.452855904183960760e-03 -6.309599162829747643e-01 5.565817533782810300e-03 9.999774968751503623e-01 -3.745318287102779135e-03 -3.176628081693893879e+00 -7.431947541322954723e-03 3.786638119293517929e-03 9.999652131536395094e-01 1.718776254316406380e+02
9.999648734268108408e-01 -2.166515646360230897e-03 8.096797926667367168e-03 -6.405175026655863801e-01 2.190033602648700124e-03 9.999934059508435169e-01 -2.896861087532099331e-03 -3.200873313153567601e+00 -8.090468583665586313e-03 2.914491626058658864e-03 9.999630243393697882e-01 1.732489600326790935e+02
9.999654174348149294e-01 1.051120350164018447e-03 8.249793262638938432e-03 -6.401713355911563541e-01 -1.042506456161185549e-03 9.999989070543601200e-01 -1.048366598199318434e-03 -3.234517086751388160e+00 -8.250886349464209985e-03 1.039729896710183191e-03 9.999654203149175302e-01 1.746543934345745583e+02
9.999661370476599087e-01 1.067105478871080426e-03 8.160027708140362573e-03 -6.422970670129984905e-01 -1.076504353247409451e-03 9.999987621769680368e-01 1.147512376954001705e-03 -3.248166166909867147e+00 -8.158793231037905075e-03 -1.156257827971363290e-03 9.999660479990218898e-01 1.760154631261769680e+02
9.999722596938659391e-01 -6.008610008376670183e-04 7.424204966313339461e-03 -6.324754070237693648e-01 5.847167549572294259e-04 9.999974604251037347e-01 2.176522014725223823e-03 -3.286211377121430743e+00 -7.425494025686962471e-03 -2.172120592970446656e-03 9.999700715129438144e-01 1.774079791932388730e+02
