9.999999999999998890e-01 0.000000000000000000e+00 3.049318610115481221e-19 0.000000000000000000e+00 1.734723475976807094e-18 1.000000000000000000e+00 0.000000000000000000e+00 1.387778780781445676e-17 -2.032879073410320814e-20 0.000000000000000000e+00 1.000000000000000000e+00 0.000000000000000000e+00
9.999979100953464428e-01 1.884271703602447001e-03 7.932986030689816951e-04 -3.546408575203830599e-02 -1.885044001073433659e-03 9.999977490740685759e-01 9.738887055893759997e-04 -2.005349984669371755e-02 -7.914617594812328174e-04 -9.753820825829859209e-04 9.999992111082830482e-01 8.498051615886006438e-01
9.999877155905180226e-01 4.922260442723430315e-03 5.831052205222165847e-04 -1.235495310432625261e-02 -4.922895238717306388e-03 9.999872860323508750e-01 1.092192831018207015e-03 -3.475444378580819227e-02 -5.777217588732431151e-04 -1.095049992975198443e-03 9.999992335509647612e-01 1.613295793805603839e+00
9.999818459023296358e-01 5.932883069289974706e-03 1.052974097089569598e-03 -2.990073665002766778e-02 -5.933923509918601069e-03 9.999819063486119486e-01 9.876933814121548888e-04 -5.637774238320023001e-02 -1.047095193426160345e-03 -9.939237308137140875e-04 9.999989578524760558e-01 2.361903853313234602e+00
9.999704061670053878e-01 7.563007122593229034e-03 1.409858482753165079e-03 -3.789318971351386678e-02 -7.564003398354109814e-03 9.999711456809504684e-01 7.026182595438988654e-04 -6.432012329699229869e-02 -1.404503919780139727e-03 -7.132616513003476114e-04 9.999987593116155260e-01 3.085249594808836537e+00
9.999683888833990064e-01 7.733857456197769029e-03 1.846258519326982603e-03 -5.300129799411675696e-02 -7.734980685811109966e-03 9.999699033988075358e-01 6.019842457610363740e-04 -8.577786855338058458e-02 -1.841547324982036743e-03 -6.162459997480088450e-04 9.999981144691830748e-01 3.803824092757694064e+00
9.999672064138880323e-01 7.728478535600097690e-03 2.420062981835725737e-03 -5.917591467894790097e-02 -7.731766288769660253e-03 9.999691953154753454e-01 1.352118579565700363e-03 -1.068619673849832280e-01 -2.409538654385079675e-03 -1.370785615926771624e-03 9.999961575262600322e-01 4.506259481143914947e+00
9.999573837189790204e-01 8.810122314287108583e-03 2.759071855945752303e-03 -5.823861124013089002e-02 -8.820023073585269574e-03 9.999546332160664797e-01 3.597043054470632287e-03 -1.218184219180802469e-01 -2.727256341226345308e-03 -3.621224876252124390e-03 9.999897243474096253e-01 5.195521625087989648e+00
9.999559965515992799e-01 8.481537604667827024e-03 4.008549541129580521e-03 -6.082147590232769852e-02 -8.511263792256420005e-03 9.999359682727804177e-01 7.457731371132016174e-03 -1.303775073782156291e-01 -3.945039899975398903e-03 -7.491521098964013317e-03 9.999641562419018248e-01 5.870824113030883140e+00
9.999540803377433562e-01 8.021582255719717294e-03 5.243226632940625395e-03 -5.516978903535019185e-02 -8.079949475821123286e-03 9.999045522380675122e-01 1.120717814167442386e-02 -1.443769863031874046e-01 -5.152826957059609622e-03 -1.124902862237725162e-02 9.999234509331453857e-01 6.493071386053340888e+00
9.999534675839818476e-01 7.161218078953831764e-03 6.463715423162270934e-03 -4.505566733785418276e-02 -7.246080208690316993e-03 9.998865880041429843e-01 1.320247932632993490e-02 -1.583016725192787078e-01 -6.368436625473055182e-03 -1.324870170437354375e-02 9.998919516198242485e-01 7.101158918090397343e+00
9.999459009939659637e-01 7.068215413765226163e-03 7.631213038651177283e-03 -5.272252991621934753e-02 -7.170105766017854584e-03 9.998844005600665552e-01 1.340802405339086047e-02 -1.673783529927780067e-01 -7.535560191237558950e-03 -1.346201541894296097e-02 9.998809876521191908e-01 7.663433034519781195e+00
9.999293034475539299e-01 8.271088300683742886e-03 8.542669376050840771e-03 -5.902790818488923980e-02 -8.369543271617565366e-03 9.998982186126288418e-01 1.155435731562828340e-02 -1.800395762541335820e-01 -8.446232918087980338e-03 -1.162503880823350169e-02 9.998967544777221939e-01 8.240452016378217337e+00
9.999176350031739879e-01 8.565590723785777502e-03 9.557921352914368340e-03 -4.822418042696451079e-02 -8.648471789397024767e-03 9.999250660928872270e-01 8.664072300902863483e-03 -1.866790404246818635e-01 -9.482992400208256276e-03 -8.746020175422968002e-03 9.999167865261886501e-01 8.758169322714500993e+00
9.999185544459205932e-01 6.618780609564160755e-03 1.091220503224549394e-02 -5.130832102113186410e-02 -6.693541289445029477e-03 9.999542804503224191e-01 6.828874351198241897e-03 -1.849784601027920083e-01 -1.086650749247703579e-02 -6.901359522703073672e-03 9.999171416873456897e-01 9.259213720460836683e+00
9.999120349571248845e-01 3.475491543540954256e-03 1.280012949273089812e-02 -3.592683117517744135e-02 -3.537718425744084544e-03 9.999820196623542268e-01 4.841993982733466817e-03 -2.128325018754653186e-01 -1.278307125013230378e-02 -4.886851346002221881e-03 9.999063514946527897e-01 9.731072092290132147e+00
9.998885478557431039e-01 1.880423212391658938e-03 1.481066807944576846e-02 -3.250477685950232953e-02 -1.936537845404861027e-03 9.999909981717879370e-01 3.775367431502171627e-03 -2.487371685215957196e-01 -1.480343572081094759e-02 -3.803628100528573617e-03 9.998831885215243576e-01 1.017912984071343629e+01
9.998442852539199954e-01 5.025789746421446477e-03 1.691587100260968576e-02 -3.498043316229534905e-02 -5.058709933270432932e-03 9.999853922388913796e-01 1.903883337527719627e-03 -2.354650716979451164e-01 -1.690605567366207374e-02 -1.989159365642925552e-03 9.998551037566297817e-01 1.058036778719812609e+01
9.997571219748548899e-01 9.453029391303128734e-03 1.990822188734741455e-02 -2.478499995559266603e-02 -9.472757706283755491e-03 9.999547302108767743e-01 8.968881646893422238e-04 -2.390805603740530638e-01 -1.989884268066737655e-02 -1.085256090749337453e-03 9.998014094100411420e-01 1.096353915162633363e+01
9.996822410513298562e-01 9.951374020856962668e-03 2.316003207362263977e-02 -2.212565588218586010e-02 -9.990895281638066672e-03 9.999488235054309060e-01 1.591351781824449328e-03 -2.337112786866295533e-01 -2.314301108763779091e-02 -1.822235573021493277e-03 9.997305039221483502e-01 1.130699484033583246e+01
9.996288353081699274e-01 6.264303317930536644e-03 2.651320685013589321e-02 -2.247674310649814752e-03 -6.326643296650490481e-03 9.999774145259103797e-01 2.268046331112190742e-03 -2.512715195380934574e-01 -2.649840076385058529e-02 -2.434944117010960900e-03 9.996458901928783058e-01 1.163055866318695308e+01
9.995708990623943802e-01 1.377254576952657156e-03 2.925954444455307335e-02 1.164310310324658850e-02 -1.446878445942434421e-03 9.999961720334082926e-01 2.358487531225124043e-03 -2.720745502188538500e-01 -2.925618470674876820e-02 -2.399810502118270190e-03 9.995690654177629142e-01 1.192223496173239639e+01
9.995093957475206237e-01 -2.031775734610007794e-03 3.125443537296311580e-02 2.781635935592600278e-02 1.921175056890207615e-03 9.999917879716366809e-01 3.568342935681003553e-03 -2.815684352968331750e-01 -3.126142932108823269e-02 -3.506547051632421912e-03 9.995050911017252515e-01 1.217415318928686929e+01
9.994253962049350903e-01 -3.230297972985919294e-03 3.374081547871832926e-02 2.930260148253704608e-02 3.074463849859357736e-03 9.999843719379880591e-01 4.669426629493128589e-03 -2.762903839483829560e-01 -3.375537239446790155e-02 -4.563008650155067278e-03 9.994197085107884293e-01 1.240347459569665034e+01
9.993520804622948450e-01 -2.147520821522351867e-03 3.592780903456379432e-02 4.019169949393961577e-02 2.014447247260833275e-03 9.999909782606595243e-01 3.739705199284900933e-03 -2.839441667597715213e-01 -3.593551661663817870e-02 -3.664907494069963561e-03 9.993473905860434936e-01 1.260674601796423566e+01
9.992710079953456281e-01 -1.047833427560924784e-03 3.816221502148775535e-02 4.804729169964827573e-02 9.520112740535931900e-04 9.999963489023113716e-01 2.529002617469958657e-03 -2.934249208147919341e-01 -3.816472631940964755e-02 -2.490828122607551768e-03 9.992683570554496963e-01 1.279081086878418816e+01
9.991708686495729408e-01 9.960716245875668451e-04 4.070114384072246599e-02 5.359602024102637363e-02 -1.061320105497186653e-03 9.999981861717757159e-01 1.581535458851372929e-03 -2.976410867358048606e-01 -4.069949539656349952e-02 -1.623421078371536583e-03 9.991701134192741973e-01 1.297471168077752779e+01
9.990985928725114595e-01 3.433337443072307857e-03 4.231091982055393275e-02 5.362686451216521627e-02 -3.479676721806330975e-03 9.999934240639505312e-01 1.021609062094796898e-03 -3.034123384597393058e-01 -4.230713478983197384e-02 -1.167916473089523031e-03 9.991039697092525262e-01 1.313811094216907804e+01
9.990462674980080671e-01 4.568118453460064121e-03 4.342450588906306835e-02 4.977621207498863359e-02 -4.560015933624372853e-03 9.999895622811809659e-01 -2.856432133199575396e-04 -3.001391965059629352e-01 -4.342535824077416173e-02 8.735438521179951510e-05 9.990566703658947389e-01 1.328572656457360068e+01
9.989585745980632536e-01 4.182622477986366188e-03 4.543425938971577122e-02 6.636853434247060035e-02 -4.096277261890358956e-03 9.999896234212808377e-01 -1.993381666744313205e-03 -3.110627745784773079e-01 -4.544212628943607168e-02 1.805194440598623974e-03 9.989653419429203041e-01 1.343921791814501177e+01
9.988854649861581558e-01 3.155651759057905709e-03 4.709426422692131881e-02 7.390832757704543510e-02 -3.006248424012340423e-03 9.999902229152037858e-01 -3.242923164375078639e-03 -3.203546001870728466e-01 -4.710403813727959133e-02 3.097731825302316340e-03 9.988851854045844858e-01 1.358826215831258466e+01
9.988347667681921616e-01 2.120480213773406203e-03 4.821423319097638965e-02 7.838607429128081894e-02 -1.914351021979582984e-03 9.999888318258269848e-01 -4.321051735881820122e-03 -3.298434442759009544e-01 -4.822285826982000007e-02 4.223717818289593300e-03 9.988276708823993211e-01 1.372980273163329734e+01
9.987603015952133401e-01 2.707455801240784762e-03 4.970442296583899022e-02 8.207757126436510120e-02 -2.426995547781050921e-03 9.999807979858785778e-01 -5.702048543798103261e-03 -3.292271815396614620e-01 -4.971890745151646279e-02 5.574347405534006011e-03 9.987476942979776062e-01 1.384461568782808172e+01
9.986845687590830689e-01 3.551332125204446563e-03 5.115193234228476021e-02 9.160524035255440678e-02 -3.156412446912797501e-03 9.999646038573994922e-01 -7.799237130466727362e-03 -3.290420209922457206e-01 -5.117782033611256026e-02 7.627521289458906451e-03 9.986604285731240926e-01 1.397863298040013547e+01
9.986472985689606174e-01 3.703773248015110667e-03 5.186381343294023394e-02 1.031025784080888685e-01 -3.189443668871532953e-03 9.999449503919946025e-01 -9.996181363329604067e-03 -3.284260964102605485e-01 -5.189798284751503260e-02 9.817242938883297826e-03 9.986041363278351790e-01 1.409859392143323653e+01
9.986111868980290796e-01 2.897038074002827521e-03 5.260517648395887647e-02 1.124746354596681958e-01 -2.264201790040875142e-03 9.999244037266286078e-01 -1.208553795534990719e-02 -3.376301949477165665e-01 -5.263621291499237520e-02 1.194964482377093226e-02 9.985422550161220379e-01 1.422345006894544284e+01
9.986367545342788032e-01 2.002269324942627590e-03 5.215959579097937532e-02 1.210795236402803648e-01 -1.275219829089882864e-03 9.999016226650050410e-01 -1.396849346998134574e-02 -3.434887267148140078e-01 -5.218243407152226704e-02 1.388293620837814137e-02 9.985410645690923070e-01 1.435245999798219430e+01
9.987428213412399280e-01 1.760966448991431801e-03 5.009666495899756100e-02 1.199235118265458006e-01 -9.972771898936229340e-04 9.998829822951953439e-01 -1.526522707388681434e-02 -3.494192676344020088e-01 -5.011768519698806684e-02 1.519607587986440689e-02 9.986277068466984375e-01 1.448505210786830055e+01
9.988793334294037152e-01 1.580469771067011600e-03 4.730305896646502806e-02 1.276232864951706847e-01 -8.185152292841408467e-04 9.998696814201745164e-01 -1.612297156481104499e-02 -3.492107697667142796e-01 -4.732237720260150382e-02 1.606618500585630521e-02 9.987504544620036118e-01 1.460971968257026177e+01
9.990571802746056607e-01 2.142190813639135646e-03 4.336083007200856182e-02 1.250975673181093373e-01 -1.397976965623125289e-03 9.998513268552822186e-01 -1.718632740502451170e-02 -3.515822534539905786e-01 -4.339120064112586550e-02 1.710950655087971686e-02 9.989116419707539940e-01 1.473429601689631063e+01
9.992832145850509828e-01 2.435304557067396666e-03 3.777732605693302076e-02 1.249947957677262494e-01 -1.745678035390664865e-03 9.998314323540288262e-01 -1.827729436110951330e-02 -3.522561174289156605e-01 -3.781546947216515159e-02 1.819824661536179750e-02 9.991190189666696586e-01 1.486162218851187333e+01
9.995137436032803802e-01 2.353608771562381782e-03 3.109239290236934586e-02 1.280941092655583646e-01 -1.759126983044824108e-03 9.998153924982200458e-01 -1.913338443338762768e-02 -3.593477498804919512e-01 -3.113168607182120740e-02 1.906938543795787949e-02 9.993333661170666904e-01 1.497675228031928008e+01
9.997131641145653447e-01 2.537668922521482684e-03 2.381490607450380270e-02 1.184922563911804394e-01 -2.062349372411537152e-03 9.997986065664359323e-01 -1.996229013225762905e-02 -3.640626249765923084e-01 -2.386076802401131819e-02 1.990744977778409475e-02 9.995170619701048143e-01 1.510801558068208905e+01
9.998735666022020574e-01 2.247483586757954496e-03 1.574165306835202671e-02 1.165352395422931120e-01 -1.916156027903020628e-03 9.997769799243722000e-01 -2.103137568892528286e-02 -3.613720164324599193e-01 -1.578541032846879355e-02 2.099855336325253188e-02 9.996548812264240969e-01 1.524171550055338287e+01
9.999822716827102553e-01 1.381962090215503938e-03 5.791934568444003992e-03 9.665615203011698742e-02 -1.252530981611292213e-03 9.997507368939330119e-01 -2.229114731613835582e-02 -3.652837435818116485e-01 -5.821296495099979353e-03 2.228349776333456156e-02 9.997347439331482066e-01 1.538933266235197372e+01
9.999745485708935178e-01 -1.542452160292334673e-04 -7.132910222251947867e-03 1.007380305937618237e-01 -1.646373122054546612e-05 9.997137242865066220e-01 -2.392632863502789156e-02 -3.722782961784236733e-01 7.134558866212340617e-03 2.392583732349329306e-02 9.996882776090573186e-01 1.553118971653688440e+01
9.997357602710885693e-01 -7.904956317083041556e-04 -2.297356550268935330e-02 6.975993077966169409e-02 2.003548478380079434e-04 9.996702258077627690e-01 -2.567877509453208099e-02 -3.829319655615337492e-01 2.298628874726960092e-02 2.566738709195879806e-02 9.994062316247946942e-01 1.567205632977359109e+01
9.991052656040799729e-01 -4.138352195395761726e-04 -4.229062417449931666e-02 4.676896194298803267e-02 -7.193700458788757773e-04 9.996411748773403882e-01 -2.677693031309128988e-02 -3.870672000811870017e-01 4.228653118000626210e-02 2.678339488819426323e-02 9.987464638876892842e-01 1.587330046791754334e+01
9.979588952703445370e-01 4.082184752080119522e-04 -6.385825355910682011e-02 2.843051160770014574e-03 -2.102427584099880037e-03 9.996475076952479055e-01 -2.646583004679364109e-02 -3.920200137223013304e-01 6.382494125543973496e-02 2.654606805451848600e-02 9.976079807731601523e-01 1.605777931074197795e+01
9.961626215046467392e-01 7.905241264568726653e-04 -8.751803432490987134e-02 -3.926957841972671115e-02 -3.025754274103955102e-03 9.996725217410568076e-01 -2.541051144978285700e-02 -3.949981856285156301e-01 8.746928793934811985e-02 2.557780992000652232e-02 9.958387919529886334e-01 1.625285877248099808e+01
9.934668734457936523e-01 2.024263846737540430e-03 -1.141029067701338912e-01 -7.982408922941557072e-02 -4.757917732658442991e-03 9.997080173703573047e-01 -2.369055156065563369e-02 -4.098053406028779877e-01 1.140216367276303683e-01 2.407867054770876369e-02 9.931864298116249712e-01 1.650107336477971387e+01
9.895836200089680457e-01 3.045639475808679074e-03 -1.439270041579437387e-01 -1.513045772425822832e-01 -6.230150673482811458e-03 9.997455410512428031e-01 -2.168036860884013650e-02 -4.094408087297228827e-01 1.438243525260896327e-01 2.235122464425944033e-02 9.893507865915556199e-01 1.670468593071872832e+01
9.841692327153518383e-01 3.621384214210781119e-03 -1.771942610745011748e-01 -2.137447917811112208e-01 -6.978896962912638571e-03 9.998076596819081008e-01 -1.832862932197453290e-02 -4.260974178061281981e-01 1.770938075127476141e-01 1.927509355940849878e-02 9.840052108041746903e-01 1.698180314170319960e+01
9.768997962720010753e-01 4.520402578022758751e-03 -2.136500711740144387e-01 -3.096192062924491006e-01 -7.806146330730796834e-03 9.998638466789170343e-01 -1.453795721950183403e-02 -4.233254463946368173e-01 2.135552682700975757e-01 1.586991111261708970e-02 9.768020753411327251e-01 1.724044071782824616e+01
9.673932243574274725e-01 5.984606757158301288e-03 -2.532084763282911877e-01 -4.180498833145481763e-01 -8.521783212342004879e-03 9.999238631842530811e-01 -8.924520332858502936e-03 -4.417508697083634139e-01 2.531357924686219452e-01 1.079130810763693701e-02 9.673705699925987389e-01 1.747495068905635662e+01
9.556064407313971110e-01 1.015000980926320483e-02 -2.944712308847617921e-01 -5.501989472323964847e-01 -1.198486797684398739e-02 9.999183788134129447e-01 -4.427039067201796879e-03 -4.322793563405690209e-01 2.944022663926626482e-01 7.759705667576506649e-03 9.556500899395150572e-01 1.777934778798513094e+01
9.415912638125222278e-01 1.389882713315823345e-02 -3.364709676722249521e-01 -6.989337863067655032e-01 -1.474766385500631168e-02 9.998912467676085436e-01 3.282352359758582833e-05 -4.400196801780702494e-01 3.364348373946625115e-01 4.931254115535663868e-03 9.416938384214926794e-01 1.805646955672780507e+01
9.251552794495342402e-01 1.684283569149568061e-02 -3.792150112800154460e-01 -8.452503944327447449e-01 -1.596908009005856138e-02 9.998576352101428144e-01 5.449570912881540261e-03 -4.432880528826139699e-01 3.792528172063058256e-01 1.014015240135989274e-03 9.252925350377133595e-01 1.830906779651235539e+01
9.060885987286285692e-01 1.979269553279591407e-02 -4.226247706802436221e-01 -1.029726120896154118e+00 -1.577524357834213936e-02 9.997910284447298901e-01 1.300158290761829413e-02 -4.467908879286864310e-01 4.227937978203489267e-01 -5.113577780529615126e-03 9.062114871735550414e-01 1.863516297397681853e+01
8.843469152742661210e-01 2.426168264701920527e-02 -4.661994206513981887e-01 -1.241445543059842560e+00 -1.713712101089454043e-02 9.996626659388377911e-01 1.951597903066105283e-02 -4.435994496037228840e-01 4.665156542818397201e-01 -9.269580489157009523e-03 8.844643709872411774e-01 1.892168186704951083e+01
8.598929684329256196e-01 2.925683398864805870e-02 -5.096352767829429586e-01 -1.451336701315991462e+00 -1.960918134219160475e-02 9.995125364996731987e-01 2.429340271078871821e-02 -4.410152628279768727e-01 5.100976050775833937e-01 -1.089619618747600729e-02 8.600475052795125697e-01 1.917438478916417921e+01
8.323119821471052227e-01 3.290363520793642554e-02 -5.533300183079740142e-01 -1.713533448516627811e+00 -2.110708908697303196e-02 9.993939787523382634e-01 2.767970470969645380e-02 -4.431625506405262871e-01 5.539054610655883559e-01 -1.135896452368610407e-02 8.325020841424083384e-01 1.947542748081773567e+01
8.019285601315959688e-01 3.675679945666644743e-02 -5.962881142954897795e-01 -1.962884791515175698e+00 -2.405435928428423242e-02 9.992826981592519697e-01 2.924853830822835357e-02 -4.271175308672197080e-01 5.969354887324881398e-01 -9.111910314388132690e-03 8.022374974013897209e-01 1.972895652979285686e+01
7.685347645247831982e-01 3.961341554297481693e-02 -6.385805236711689092e-01 -2.280257643749287411e+00 -2.470890024645702732e-02 9.991745225335403324e-01 3.224505856210606314e-02 -4.350778396534898951e-01 6.393307378183137324e-01 -9.002826708254125718e-03 7.688791612291699940e-01 2.002881676659121979e+01
7.319564349701712658e-01 4.364131164641343180e-02 -6.799523545447833106e-01 -2.580381028325301251e+00 -2.607734196764283779e-02 9.990097828280817271e-01 3.604755307345707677e-02 -4.112705309787460517e-01 6.808522283394458086e-01 -8.653889077951225015e-03 7.323696895070745949e-01 2.029165545573071938e+01
6.934551001640351098e-01 4.517572546274412071e-02 -7.190821706621958187e-01 -2.898035614824213013e+00 -2.442475078041450587e-02 9.989327160890458801e-01 3.920280988095197622e-02 -3.979765631048269303e-01 7.200857336821531174e-01 -9.621986397944547881e-03 6.938183935440562777e-01 2.052607063258446374e+01
6.534922151269826340e-01 4.544810173735730485e-02 -7.555675907383982981e-01 -3.280116778689881496e+00 -2.215631475715129292e-02 9.989166273111673711e-01 4.092272495009637717e-02 -3.953184622294334538e-01 7.566089027206768236e-01 -1.000208960353688066e-02 6.537912030230843552e-01 2.081424016688927026e+01
6.112416174534852642e-01 4.458826709348125833e-02 -7.901870411375120362e-01 -3.684820543837733275e+00 -1.751236768910224839e-02 9.989292858821395837e-01 4.282054171629803840e-02 -3.718861774163847445e-01 7.912502841780381102e-01 -1.233565200733924977e-02 6.113679996684180384e-01 2.104446946810171681e+01
5.667772294690854862e-01 4.501700421627705118e-02 -8.226402792584708301e-01 -4.044948190568923074e+00 -1.271827271423146312e-02 9.988651686681699893e-01 4.589793411112155774e-02 -3.813113848247167148e-01 8.237729230646981815e-01 -1.555134140778854576e-02 5.667065726098045042e-01 2.126013616351267999e+01
5.206671680016948800e-01 4.653567623574219464e-02 -8.524905382123246778e-01 -4.512894776157470034e+00 -1.095313184712914598e-02 9.987953190038147966e-01 4.783241190039931590e-02 -3.503070631255025269e-01 8.536894874900111674e-01 -1.556732609469920967e-02 5.205496427611294719e-01 2.150671213991294550e+01
4.713418547140170167e-01 4.640331364374142981e-02 -8.807290016880420236e-01 -4.947080860629686327e+00 -9.869224013330865283e-03 9.988298872710485998e-01 4.734400383685714170e-02 -3.238410790945879247e-01 8.818953834130437430e-01 -1.362309968359722186e-02 4.712482975514740158e-01 2.169276540161806821e+01
4.198309910192070671e-01 4.574500834533604121e-02 -9.064487400765168790e-01 -5.475496686259328172e+00 -5.315027982231388184e-03 9.988358015108652621e-01 4.794572010290653469e-02 -3.107316599621541275e-01 9.075867469172919089e-01 -1.531129971959763539e-02 4.195853616935468766e-01 2.187260758959858720e+01
3.663715342968695277e-01 4.480387880841794901e-02 -9.293893133819575159e-01 -5.970758500741068175e+00 -1.462210033814480975e-04 9.988427821344808555e-01 4.809444007534983967e-02 -2.932257796645149628e-01 9.304686410558354881e-01 -1.748453855009060587e-02 3.659541151928701885e-01 2.204022349814820458e+01
3.126274770228073541e-01 4.400643556875229179e-02 -9.488558785194010081e-01 -6.465475111250993834e+00 2.161552975522470707e-03 9.988907074855795099e-01 4.703915553721131626e-02 -2.974689545928905221e-01 9.498733618258473621e-01 -1.675673575595076903e-02 3.121855608008957117e-01 2.217436734147301891e+01
2.595964215584758983e-01 4.898853810050828733e-02 -9.644738485607693423e-01 -7.065590535235067193e+00 2.747251905451561851e-03 9.986710220911605429e-01 5.146496091895332720e-02 -2.291305766383134046e-01 9.657132940572038526e-01 -1.600977330566558110e-02 2.591168411567416618e-01 2.228907256473775789e+01
2.082947105920491537e-01 5.436304496686696075e-02 -9.765541234613469568e-01 -7.647925448038384033e+00 5.525205223012138317e-03 9.983727817237455504e-01 5.675615181974085627e-02 -1.911357849091848693e-01 9.780505109283432752e-01 -1.721766917926268597e-02 2.076554040323381756e-01 2.237742799625127432e+01
1.597127125961086691e-01 5.634436569101841652e-02 -9.855542323078909650e-01 -8.213847359633977163e+00 1.105993218196311967e-02 9.982049831622380465e-01 5.885991358709759952e-02 -1.984876045240163700e-01 9.871015874729487383e-01 -2.030084048426851473e-02 1.588028621178371180e-01 2.244464522998703515e+01
1.152382486760990532e-01 5.741179142442582456e-02 -9.916773744681690594e-01 -8.875271751951355981e+00 1.373908187566389924e-02 9.981407477424544261e-01 5.938253327173711321e-02 -1.662911642603307760e-01 9.932428709029751390e-01 -2.046787683265986757e-02 1.142352078011892036e-01 2.248534319902097067e+01
7.452398229419367193e-02 5.653831446702360652e-02 -9.956151755426023708e-01 -9.494115453655417980e+00 1.401361705609512585e-02 9.982335289346913054e-01 5.773595224536518661e-02 -1.540037340183978143e-01 9.971207608496996944e-01 -1.825488392092661921e-02 7.360003295504860543e-02 2.252037237836303873e+01
3.898702779913943567e-02 5.213375987555444319e-02 -9.978787829358665151e-01 -1.015503925124446560e+01 1.089893074195467763e-02 9.985564485918123623e-01 5.259498293131468355e-02 -1.208663298009972770e-01 9.991802851377455941e-01 -1.292633478458436735e-02 3.836254719117868084e-02 2.249596444198853717e+01
1.019179764930228972e-02 5.175717658074240057e-02 -9.986076830468407772e-01 -1.082695944141704736e+01 8.938201177998041438e-03 9.986149473375668384e-01 5.184877494088624417e-02 -6.935294015879758800e-02 9.999081223394952200e-01 -9.454189535868039174e-03 9.715066825849400650e-03 2.248361904886204243e+01
-1.121631241266198183e-02 5.567339514259963401e-02 -9.983860226152446726e-01 -1.154469372774239133e+01 7.574006011349907440e-03 9.984249264032721838e-01 5.559047325345602142e-02 -3.766776516383762985e-02 9.999084188555442676e-01 -6.938262543498303382e-03 -1.162031511493695490e-02 2.245026942432729200e+01
-2.446989822440211182e-02 6.187228731825362982e-02 -9.977840582629157185e-01 -1.227998080529173386e+01 8.703842107381697113e-03 9.980582820826283674e-01 6.167583510762366522e-02 7.629213364632347893e-03 9.996626853859723605e-01 -7.175354419074809684e-03 -2.496090979448067210e-02 2.243480391131435425e+01
-3.218062122709971357e-02 6.471844601494769478e-02 -9.973845362581434948e-01 -1.302491481013433727e+01 9.331223789312715483e-03 9.978773519062966724e-01 6.444935025028132591e-02 2.692980024801498729e-02 9.994385189809249503e-01 -7.232799111290089816e-03 -3.271621398625632754e-02 2.239017955367348378e+01
-3.631054282619662621e-02 6.220738126216463632e-02 -9.974025110293973650e-01 -1.378492558250985311e+01 9.610778825454920071e-03 9.980362674441972670e-01 6.189702522777759675e-02 6.475351799399743646e-02 9.992943484047124292e-01 -7.338301274934785207e-03 -3.683709860449366214e-02 2.234769736145451446e+01
-3.583947691799504315e-02 5.777838646151398777e-02 -9.976859088692859867e-01 -1.456588129962881872e+01 1.631015718732899134e-02 9.982281331993229090e-01 5.722388306597115532e-02 1.384070449449608109e-01 9.992244632762119494e-01 -1.422154094784544229e-02 -3.671834729426787236e-02 2.232990092163716866e+01
-3.173666308231981592e-02 5.644859924692980507e-02 -9.979009583375071379e-01 -1.537668455344580742e+01 2.819127761062769147e-02 9.980572342080541448e-01 5.556085877845858695e-02 1.137560578902237357e-01 9.990986204684935146e-01 -2.636878778666600087e-02 -3.326636290022862846e-02 2.233623644407621356e+01
-2.589838665614755536e-02 5.638473688447390858e-02 -9.980731525253253578e-01 -1.621841231794379112e+01 2.960108241124961154e-02 9.980134972034890861e-01 5.561326491406724803e-02 1.700003229934892723e-01 9.992262340556733458e-01 -2.810375291690923524e-02 -2.751598727067967529e-02 2.230130179341190200e+01
-2.054398455573755444e-02 5.515761718788089740e-02 -9.982662794703474063e-01 -1.706375684354553357e+01 2.764045489235319314e-02 9.981267012396574101e-01 5.458107221567738698e-02 2.500918567729394915e-01 9.994068077044978571e-01 -2.647122246299615442e-02 -2.203007975360172024e-02 2.227892216574165474e+01
-1.737645403659989277e-02 4.979919886811363244e-02 -9.986080719615426649e-01 -1.792417008938494405e+01 3.153094928446190104e-02 9.982894113161127070e-01 4.923464644676998903e-02 2.358462101396344990e-01 9.993517275778751596e-01 -3.063153803518978147e-02 -1.891694467361334717e-02 2.225849664238852910e+01
-1.548869164242745733e-02 3.887746994950082302e-02 -9.991239289976413529e-01 -1.879819782733395428e+01 2.926649918074346324e-02 9.988332967483308789e-01 3.841246237060623459e-02 2.529345848036065880e-01 9.994516445465736476e-01 -2.864590197305265373e-02 -1.660842696760292739e-02 2.225516100322735014e+01
-1.466191027825427748e-02 3.021236656761831091e-02 -9.994359529346176219e-01 -1.970439928219662562e+01 2.187912037966942627e-02 9.993137792271113984e-01 2.988770128487351976e-02 3.073447752828397106e-01 9.996531147402014650e-01 -2.142856976768614530e-02 -1.531286756688688203e-02 2.222952501429238126e+01
-1.595665787294041002e-02 2.675231422258161906e-02 -9.995147229921880205e-01 -2.063969206947753321e+01 1.584527009106630191e-02 9.995232361534263088e-01 2.649958049513269354e-02 3.088452073646619778e-01 9.997471329384903793e-01 -1.541473698464580766e-02 -1.637294655158833337e-02 2.219515634233378520e+01
-1.949952448468529956e-02 3.265064194309099527e-02 -9.992765817642542681e-01 -2.156834295034803972e+01 6.864526705076716764e-03 9.994474373950700263e-01 3.252227127650852284e-02 3.385886833134983398e-01 9.997863092453589395e-01 -6.225392854176735151e-03 -1.971287957248625891e-02 2.214554619152055537e+01
-2.370176671531909127e-02 4.082271983150640576e-02 -9.988852359274712489e-01 -2.254253395457881481e+01 1.589593987560383552e-03 9.991662124605552586e-01 4.079648319992413424e-02 4.005847953451232568e-01 9.997178185789369342e-01 -6.208740894053533382e-04 -2.374689461989980613e-02 2.210829998051113066e+01
-2.836116629272754028e-02 4.989769858170160777e-02 -9.983515646792601173e-01 -2.352565476373636599e+01 2.141037061436958100e-04 9.987536109665697825e-01 4.991170911795411030e-02 4.037878397482110859e-01 9.995977269616757033e-01 1.201802671424457777e-03 -2.833649912030205761e-02 2.206432463509814212e+01
-3.041006319815153444e-02 6.000106738977525195e-02 -9.977349762141957124e-01 -2.453932921308760839e+01 -9.797897205615236499e-04 9.981943747764696617e-01 6.005855586579769007e-02 4.777149998225660998e-01 9.995370355368596860e-01 2.803954120050486040e-03 -3.029636418353978677e-02 2.203810887314548950e+01
-3.128201113526066918e-02 6.751707233299573951e-02 -9.972275886319662552e-01 -2.557433881504606532e+01 8.469897165074994141e-04 9.977173137401024183e-01 6.752365818063832403e-02 5.154762327491673179e-01 9.995102479363342507e-01 1.267633462233489980e-03 -3.126778897524216949e-02 2.200958189900585182e+01
-3.281653923351264546e-02 6.942801961796901677e-02 -9.970470438537134550e-01 -2.658810796099545826e+01 2.254391749469325697e-03 9.975869632837021106e-01 6.939141403314574852e-02 5.406856972418302432e-01 9.994588584895278682e-01 2.945056679647811704e-05 -3.289386826491225158e-02 2.196894356946181404e+01
-3.437366320323555213e-02 6.623259486224092329e-02 -9.972119521284908972e-01 -2.760632141781495719e+01 9.129319109693343273e-04 9.978032752197960598e-01 6.624039900351523513e-02 6.110803498678082368e-01 9.994086427363626512e-01 1.366537702657856512e-03 -3.435861816614138586e-02 2.191833353565430187e+01
-3.727005432424812525e-02 6.157093088301747452e-02 -9.974066103321244103e-01 -2.864324115052554731e+01 -1.561526577225727866e-03 9.980952619452045926e-01 6.167178992166442997e-02 6.589736714444427435e-01 9.993040188192656714e-01 3.855987067518791729e-03 -3.710291858044826446e-02 2.187253645680598169e+01
-4.183821817341217691e-02 5.597906039962424057e-02 -9.975549564388621615e-01 -2.966238428775103841e+01 -1.735282301479696559e-03 9.984236141364895012e-01 5.610058370771298097e-02 6.819477149811182803e-01 9.991229001671693144e-01 4.078187104662946323e-03 -4.167512411753099971e-02 2.181459334790589821e+01
-4.740786123227872656e-02 5.191791915466881929e-02 -9.975254418783860988e-01 -3.068835461751285720e+01 -1.046629357547977646e-03 9.986451853867712725e-01 5.202593811615951330e-02 7.214878170124070511e-01 9.988750755738814435e-01 3.510477048720240210e-03 -4.728929214385989982e-02 2.175871342935987940e+01
-5.428788296524720419e-02 4.929931847736217926e-02 -9.973075683111023437e-01 -3.171823780064829634e+01 -2.865200506294516766e-03 9.987686501965161723e-01 4.952750733579553560e-02 7.587181395504960513e-01 9.985212234744069715e-01 5.546228874725212671e-03 -5.407978175297412093e-02 2.169605207692506355e+01
-6.049001590446387994e-02 5.193184954805105807e-02 -9.968169460101531376e-01 -3.277996824732355208e+01 -1.973330922608563034e-03 9.986374990265731721e-01 5.214644254985086741e-02 7.950852785199143957e-01 9.981668604382061272e-01 5.121388041422586870e-03 -6.030511806861220403e-02 2.161431723767931601e+01
-6.709693841285413463e-02 5.649565378911189373e-02 -9.961456845580639596e-01 -3.384145269707266834e+01 -3.393607413383776736e-03 9.983769190977737074e-01 5.685077665261518282e-02 8.304656728509247632e-01 9.977406985860203248e-01 7.195039655092550814e-03 -6.679630917877148188e-02 2.153958792969450897e+01
-7.327558831922291460e-02 6.002157069933567596e-02 -9.955039337649919107e-01 -3.490466363665126437e+01 -5.644745620645557141e-03 9.981463898449003391e-01 6.059637984401421845e-02 8.935505372017936709e-01 9.972957647193751995e-01 1.005960109379408322e-02 -7.280095604169038725e-02 2.144710198328925443e+01
-7.753491575535499669e-02 6.144220156804312133e-02 -9.950945561398606420e-01 -3.597218693845795201e+01 -8.941444089880696416e-03 9.980162106472920680e-01 6.231928939266132006e-02 9.357789968975241957e-01 9.969495497438375375e-01 1.372950246457856419e-02 -7.683171940111817311e-02 2.135475594765683027e+01
-8.079142497574329229e-02 6.335106382186572738e-02 -9.947157238797452727e-01 -3.703594242185573648e+01 -1.318550018248398729e-02 9.978228367391045461e-01 6.461988114721534116e-02 9.787865570933586001e-01 9.966438208045550473e-01 1.833655595367317259e-02 -7.978021198681181647e-02 2.125330319907976317e+01
-8.203643296884427505e-02 6.421131130847568258e-02 -9.945586529426343469e-01 -3.810849788273461769e+01 -1.718118369597747622e-02 9.976829104441200524e-01 6.583021428975513456e-02 1.047441195423436833e+00 9.964812330907325544e-01 2.248817022761723239e-02 -8.074311946929886574e-02 2.115911060941673583e+01
-8.403201401823044703e-02 6.406237593854548218e-02 -9.944016369631203389e-01 -3.919177435256051467e+01 -1.843551127692959549e-02 9.976605206888048416e-01 6.583021619547982373e-02 1.087423456294717594e+00 9.962925121921218929e-01 2.386414760839648819e-02 -8.265439880374118864e-02 2.105737341625641079e+01
-8.545332780130492079e-02 6.354588777266097221e-02 -9.943136486572881072e-01 -4.027354991176294874e+01 -1.861956477628824019e-02 9.976879047713574922e-01 6.536173546485157804e-02 1.135188356877612215e+00 9.961681875462071734e-01 2.409906456445477796e-02 -8.407255339422346763e-02 2.095798958924036270e+01
-8.623078357548299988e-02 6.302596491162096304e-02 -9.942796199786589906e-01 -4.134496275120946507e+01 -1.979927503705250502e-02 9.976914701334826940e-01 6.495936511704446248e-02 1.177964986949315840e+00 9.960784396693630471e-01 2.528751199474090633e-02 -8.478384742072851699e-02 2.085493766350075617e+01
-8.740545397731318278e-02 6.224315694487857209e-02 -9.942263620658298162e-01 -4.243202276547414442e+01 -2.140903362829045531e-02 9.976981897632233309e-01 6.434264069843312339e-02 1.240549737659793372e+00 9.959427479497817703e-01 2.690932273608064723e-02 -8.587169596710601815e-02 2.074168480011115179e+01
-8.822130482300512277e-02 6.010871124279380806e-02 -9.942856366289735126e-01 -4.351315330149013505e+01 -2.576242742172184935e-02 9.977060533647831297e-01 6.260134514640512682e-02 1.277217697873667346e+00 9.957677018285385762e-01 3.113798333932927057e-02 -8.647038214622754237e-02 2.063449259722616702e+01
-8.833768801333921616e-02 5.497211156766331625e-02 -9.945725226538786323e-01 -4.460741811582817462e+01 -3.179250283009254358e-02 9.978116767709331869e-01 5.797494704300745066e-02 1.321960044580134941e+00 9.955830989589983249e-01 3.674132201768399303e-02 -8.639667418645229080e-02 2.051288964741354093e+01
-8.797936760242386356e-02 5.372985406893173582e-02 -9.946721654125728618e-01 -4.570398132963369164e+01 -3.387328975441302598e-02 9.978053592471477495e-01 5.689521356271175917e-02 1.371025293419517288e+00 9.955462060644153510e-01 3.869842288937262731e-02 -8.596627618219535027e-02 2.041262079491690073e+01
-8.566533272785206710e-02 5.771657110633116039e-02 -9.946508086620193811e-01 -4.680843688522556079e+01 -3.371946993402583082e-02 9.975808170546324183e-01 6.079071322052329723e-02 1.433436278519338192e+00 9.957532151147987509e-01 3.874675422035543659e-02 -8.351191903191874932e-02 2.030325628755868550e+01
-8.427868591836136514e-02 6.167555297873769660e-02 -9.945316547239237970e-01 -4.791117862154809615e+01 -3.365418847588069751e-02 9.973370131961060148e-01 6.470145070476246429e-02 1.493338462449973925e+00 9.958737450076090569e-01 3.892310850228244967e-02 -8.197861080534285527e-02 2.021542409129481399e+01
-8.261688553156754100e-02 6.138261506514968574e-02 -9.946892015943286092e-01 -4.903688101126123655e+01 -3.178921405712299003e-02 9.974311062826637375e-01 6.419216542573955020e-02 1.519789289538034716e+00 9.960742509451266935e-01 3.692374422085158148e-02 -8.045334504301164535e-02 2.010894768406295441e+01
-8.033175271101469783e-02 6.056805274951228973e-02 -9.949262804132626981e-01 -5.012970011093969447e+01 -3.154597643410692043e-02 9.974976436741110897e-01 6.327165438687111509e-02 1.565824095354952927e+00 9.962688784568599631e-01 3.646864337345347151e-02 -7.822005427582243153e-02 2.002213064285771438e+01
-7.614779000330471059e-02 6.113445962062817596e-02 -9.952206161812486851e-01 -5.124897276770511922e+01 -3.505807524199923420e-02 9.973373178717850340e-01 6.394689797930409869e-02 1.625427851245460520e+00 9.964800363004273631e-01 3.975993371637653873e-02 -7.380177475749101490e-02 1.992079074660652438e+01
-7.057826674205751327e-02 6.154627105406593190e-02 -9.956057190016478486e-01 -5.238770081589973415e+01 -4.071575405038847101e-02 9.970851886264247010e-01 6.452405773830263702e-02 1.689346134528588728e+00 9.966749484886143762e-01 4.509083330545418655e-02 -6.786664017155770445e-02 1.982178674836675114e+01
-6.503035078619787135e-02 6.174580438716194969e-02 -9.959711301146650930e-01 -5.349589414120949726e+01 -4.408818671506990056e-02 9.969313976336934280e-01 6.468400301005362840e-02 1.737979699459827332e+00 9.969088737591420557e-01 4.811698414123686401e-02 -6.210853654416410852e-02 1.974344791613086159e+01
-5.867853750608901381e-02 6.087688300583829482e-02 -9.964189968240712014e-01 -5.463000631988504807e+01 -4.574872784174572465e-02 9.969261965877936893e-01 6.360198506847818123e-02 1.788503531573506056e+00 9.972281085341547779e-01 4.931697256694528991e-02 -5.571312986345701435e-02 1.965561644862176038e+01
-5.334164605127576092e-02 6.028904711295944574e-02 -9.967546751612320621e-01 -5.574753655883864667e+01 -4.527968880404464186e-02 9.970030316645337454e-01 6.272722439595510013e-02 1.835966952709482847e+00 9.975492147733064918e-01 4.847871449724430737e-02 -5.045191213373929201e-02 1.959825377464342466e+01
-4.785077403719328187e-02 6.015820248306811419e-02 -9.970412614034531718e-01 -5.688530147718500984e+01 -4.373093021272994596e-02 9.971014109162315009e-01 6.226059857808499687e-02 1.879886206642985336e+00 9.978967514157993657e-01 4.658075922785813450e-02 -4.508129874902096906e-02 1.952881881763983785e+01
-4.199163889922592069e-02 6.076703919659047493e-02 -9.972682949114927142e-01 -5.803489265134837183e+01 -4.286628563033902106e-02 9.971200317389443679e-01 6.256295950753115731e-02 1.931738972828040080e+00 9.981979769261695168e-01 4.537630834370964122e-02 -3.926584564993813170e-02 1.947662832960731905e+01
-3.681205959050168341e-02 6.228061956651567699e-02 -9.973795563917435825e-01 -5.916950622856392528e+01 -4.061165827256386224e-02 9.971382975436322571e-01 6.376447928188229419e-02 1.979837660740272565e+00 9.984966613881083308e-01 4.285253905808222158e-02 -3.417739378671165451e-02 1.944198444031639283e+01
-3.155418018616534814e-02 6.299213004231468682e-02 -9.975150665856676868e-01 -6.032325270671739759e+01 -4.250502286217958808e-02 9.970246229585996156e-01 6.430570957163037060e-02 2.043972875001347500e+00 9.985978540248980906e-01 4.442851420550390784e-02 -2.878281127163890771e-02 1.939969736675488576e+01
-2.533267371599632473e-02 6.297870785718423514e-02 -9.976932999591399120e-01 -6.147370710120096504e+01 -4.217877747724860932e-02 9.970575353718122980e-01 6.400954558664845306e-02 2.084516812057394919e+00 9.987888784367883188e-01 4.370301616318118115e-02 -2.260176691117786810e-02 1.936875557903254474e+01
