1.000000000000000000e+00 0.000000000000000000e+00 0.000000000000000000e+00 0.000000000000000000e+00 0.000000000000000000e+00 1.000000000000000000e+00 0.000000000000000000e+00 1.387778780781445676e-17 1.355252715606880543e-20 0.000000000000000000e+00 1.000000000000000000e+00 0.000000000000000000e+00
9.999965951881619741e-01 1.597898186742404900e-03 2.063087169365260438e-03 4.206766681253857817e-03 -1.590394843201319713e-03 9.999921342339800345e-01 -3.633474111374156677e-03 -2.227025628692257120e-02 -2.068877090532509656e-03 3.630181048682033784e-03 9.999912707210159013e-01 9.722086333661560387e-01
9.999964676947499242e-01 5.214236791035616048e-04 2.606283158298070869e-03 3.273648073802495461e-03 -5.098158491702413364e-04 9.999899577688949881e-01 -4.452467883977942811e-03 -2.873026961502286869e-02 -2.608578890201031231e-03 4.451123961069233283e-03 9.999866913084551889e-01 1.930623812273689399e+00
9.999957895881190773e-01 -4.639743355499409416e-05 2.901491086220486012e-03 1.744470426415242054e-02 5.151402904172638908e-05 9.999984439057454377e-01 -1.763389021611858759e-03 -1.558019230768431518e-02 -2.901405064337766147e-03 1.763531275761351727e-03 9.999942358836036993e-01 2.935001231260424781e+00
9.999926030088701623e-01 -3.214965382522348182e-03 2.111380902923108184e-03 1.130024574122672799e-02 3.209209247883710280e-03 9.999911404240486856e-01 2.723972964324385820e-03 1.838631984048357676e-02 -2.120119890456159933e-03 -2.717177272506077906e-03 9.999940610102838745e-01 3.886863386507188878e+00
9.999887788123317245e-01 -4.591867741437416148e-03 1.164906817135560229e-03 1.336583119718415952e-02 4.587856598182653116e-03 9.999836175762124579e-01 3.422882352791452656e-03 2.101983801945150887e-03 -1.180605266912833351e-03 -3.417499923246370905e-03 9.999934634211752327e-01 4.842545731342791981e+00
9.999795065732022259e-01 -6.356976594572793203e-03 7.584812909571625288e-04 1.926099974867046677e-02 6.356302798359394525e-03 9.999794047703401967e-01 8.873742613636857041e-04 -5.444809949427628637e-03 -7.641067516036345467e-04 -8.825350451633923871e-04 9.999993186387181598e-01 5.798301745582802091e+00
9.999822832584510657e-01 -5.948237642279346343e-03 -2.272657591667740548e-04 1.469341652355297956e-02 5.947832428607430916e-03 9.999807913756313393e-01 -1.743607241004861350e-03 -1.381175437878999490e-02 2.376328225961155637e-04 1.742224815070870722e-03 9.999984540861712734e-01 6.723626859377985099e+00
9.999772494024955494e-01 -6.635079376328781829e-03 -1.215077162334175787e-03 1.122925395672235045e-02 6.631935395473263772e-03 9.999746971610049551e-01 -2.573416040449368059e-03 -1.328364573028255335e-02 1.232121382449909933e-03 2.565299480394996404e-03 9.999959505431024187e-01 7.646649409352081150e+00
9.999794414906902906e-01 -6.168110602680769959e-03 -1.752432660725492929e-03 8.253603265347323956e-03 6.166132122019755794e-03 9.999803483630730350e-01 -1.132120154873423462e-03 -1.268431094897104483e-03 1.759381466396848842e-03 1.121291277688729604e-03 9.999978236357978112e-01 8.546698596877108756e+00
9.999778919611849171e-01 -6.057415479050829409e-03 -2.742866967597496104e-03 -3.139070307005648215e-03 6.060723583312197654e-03 9.999809143460439698e-01 1.199397940594520290e-03 1.101854263356419339e-02 2.735549673680276375e-03 -1.215995331222180856e-03 9.999955190542560990e-01 9.494797122041436666e+00
9.999724593946577311e-01 -6.399058164108115988e-03 -3.759324416862065785e-03 -1.019232726856121596e-02 6.407959854817704866e-03 9.999766823814512096e-01 2.360660702494712243e-03 8.625422808321570045e-03 3.744131169512648644e-03 -2.384685576127937995e-03 9.999901473355436998e-01 1.042898188192857134e+01
9.999504245653741963e-01 -8.911448963884979410e-03 -4.442353773350060653e-03 -1.451360503010216442e-02 8.926182795330122460e-03 9.999546892394842734e-01 3.307974182103460767e-03 9.528288672651499813e-03 4.412674138403055620e-03 -3.347463852765962186e-03 9.999846612873761753e-01 1.134856602366656553e+01
9.999493401431418516e-01 -8.895440157840108289e-03 -4.710446871210232506e-03 -2.488263723011583523e-02 8.910212259071233903e-03 9.999554220936202054e-01 3.124405333528564380e-03 1.544728120892707723e-02 4.682444451716927768e-03 -3.166218514961573541e-03 9.999840247677056482e-01 1.226927222063916112e+01
9.999368002189362725e-01 -9.571052599085683871e-03 -5.898350522814321470e-03 -3.011791663157420765e-02 9.585555317732684724e-03 9.999510916529327220e-01 2.435446472187810518e-03 1.433335505528926523e-02 5.874752908780998817e-03 -2.491831821199032293e-03 9.999796388254345025e-01 1.315524336614067913e+01
9.999336708271511220e-01 -9.308582132141914739e-03 -6.782644210832341168e-03 -3.462884764690069700e-02 9.311891834899565373e-03 9.999565391555412797e-01 4.565631885001444207e-04 7.619818574188336191e-03 6.778100219763693798e-03 -5.196922252431301209e-04 9.999768933732023912e-01 1.406215545255490973e+01
9.999177557763540003e-01 -9.732632613287307832e-03 -8.352099292566018268e-03 -5.823415300797327859e-02 9.726035546544943913e-03 9.999523564302742473e-01 -8.301127036323303898e-04 3.402796056611867570e-03 8.359781462989150647e-03 7.488116945330598045e-04 9.999647760461000123e-01 1.496524403351329724e+01
9.999033197758190328e-01 -9.576756136058198199e-03 -1.008151068027238889e-02 -6.038663701265350320e-02 9.562533117687871398e-03 9.999532149192595920e-01 -1.458053966518281161e-03 7.740572898292566451e-03 1.009500353895423710e-02 1.361508370218309991e-03 9.999481172519691929e-01 1.584704213600491585e+01
9.998951740628491125e-01 -8.674182734122407729e-03 -1.159307766616355338e-02 -8.080402636026712271e-02 8.650337333171010876e-03 9.999603686399091140e-01 -2.105423189076005216e-03 1.740944817339315498e-03 1.161088229610380759e-02 2.004918677081603956e-03 9.999305814455846653e-01 1.675239214242036212e+01
9.998864878910111997e-01 -7.352985709420382932e-03 -1.315085314651349285e-02 -1.091456743070649271e-01 7.323401319020874170e-03 9.999705468325297275e-01 -2.296357417355569114e-03 4.488893270041247052e-03 1.316735231128738325e-02 2.199788023344624241e-03 9.999108869117294685e-01 1.765219026379680756e+01
9.998636276997617811e-01 -7.659965566117888161e-03 -1.463047955909641505e-02 -1.077712790006337129e-01 7.634386000600741629e-03 9.999692314318135988e-01 -1.803422854929811678e-03 6.050326105932590792e-03 1.464384513110253069e-02 1.691482373780641216e-03 9.998913424426140173e-01 1.855555950840564350e+01
9.998440838939778308e-01 -7.409590754050440764e-03 -1.602828326611130741e-02 -1.295032147203147854e-01 7.395228069337198527e-03 9.999721987384107003e-01 -9.551662019973514856e-04 -3.057005614117105918e-03 1.603491677223580977e-02 8.364845477303265581e-04 9.998710825651064837e-01 1.942496206239176715e+01
9.998313581396054417e-01 -6.589759691295505803e-03 -1.714148011475671862e-02 -1.474319733212521855e-01 6.579569022890583048e-03 9.999781426023697239e-01 -6.508298948210873569e-04 3.706124940918709143e-03 1.714539609740730816e-02 5.379366319336852109e-04 9.998528621920717008e-01 2.031188267826958693e+01
9.997970264761648629e-01 -6.949613937690236540e-03 -1.891054476201759968e-02 -1.709019167646403381e-01 6.938869406951195251e-03 9.999757249384128022e-01 -6.337310212037802759e-04 -5.774624900020383644e-03 1.891449192045183830e-02 5.023846300259877939e-04 9.998209787895312450e-01 2.119982053701627933e+01
9.997720411608554958e-01 -6.740662920690655355e-03 -2.025905128496080163e-02 -1.889284680604136901e-01 6.726499336390319612e-03 9.999770825497619198e-01 -7.671849728497978638e-04 -1.106985439499490187e-02 2.026376050433046846e-02 6.307376452637705050e-04 9.997944699821496028e-01 2.206667517163927883e+01
9.997483675655968183e-01 -6.347587769077761566e-03 -2.151533537852852798e-02 -2.106965264674731386e-01 6.339836570913992032e-03 9.999798112408342377e-01 -4.284541372462265241e-04 -1.761091116582270966e-02 2.151762296330178223e-02 2.919426272335896161e-04 9.997684265391418856e-01 2.290803527000645090e+01
9.997299750469926805e-01 -6.523183089237032800e-03 -2.230302780144070851e-02 -2.356432504431703878e-01 6.548393135997407355e-03 9.999779998744451337e-01 1.057495316476293398e-03 -9.836585472758785365e-03 2.229564128350941879e-02 -1.203258925082092978e-03 9.997506972198743069e-01 2.377380627855799489e+01
9.996949054694842518e-01 -7.691666599281658800e-03 -2.347198787413324120e-02 -2.478188319166367004e-01 7.785326536588694883e-03 9.999620826926514106e-01 3.901516505571136009e-03 -1.140591315176719966e-02 2.344109122992332414e-02 -4.083063770854544750e-03 9.997168818707450333e-01 2.461393938895606937e+01
9.996788627566844943e-01 -7.790190832518585975e-03 -2.411398459667474584e-02 -2.709395711593526324e-01 7.919336496268703993e-03 9.999547820724262737e-01 5.264776789856021391e-03 -6.246372137417716131e-03 2.407188317958554660e-02 -5.454053501531674203e-03 9.996953525034791843e-01 2.546823592654886070e+01
9.996742611964715142e-01 -7.028143851341961054e-03 -2.453521267019373106e-02 -3.102129413335504293e-01 7.144204220020499568e-03 9.999636872431700851e-01 4.645912314993205436e-03 -7.404496259370535460e-03 2.450167221524564634e-02 -4.819684125335432431e-03 9.996881707702550690e-01 2.627735430123702898e+01
9.996588511305973812e-01 -5.601859206221279468e-03 -2.551079159769700788e-02 -3.247708737899323572e-01 5.663830794506921965e-03 9.999811811315044707e-01 2.357621712801257971e-03 -1.869857964048067533e-02 2.549710717480596286e-02 -2.501306540380224958e-03 9.996717666596806051e-01 2.709961896971510953e+01
9.996401889995358836e-01 -5.426013992540235260e-03 -2.626881922312775813e-02 -3.494707038052460302e-01 5.444812711776397633e-03 9.999849694201695671e-01 6.441541369931833710e-04 -1.534553004684091615e-02 2.626493200388059501e-02 -7.869512824365196280e-04 9.996547074435164770e-01 2.789356152237671083e+01
9.996267435000532053e-01 -4.699693549289190968e-03 -2.691257159258214973e-02 -3.857494438702954720e-01 4.719724924997114289e-03 9.999886302565673679e-01 6.808389970562392368e-04 -1.655007564407898202e-02 2.690906874124497986e-02 -8.076049255121616616e-04 9.996375592466230087e-01 2.868338740554835908e+01
9.995893688400974142e-01 -4.878125498920320505e-03 -2.823645757905402995e-02 -4.021373038775740705e-01 4.884451566020522710e-03 9.999880589669303266e-01 1.550688586704710575e-04 -2.792058818794877773e-02 2.823536697445446983e-02 -2.929248534269436599e-04 9.996012596599738176e-01 2.948768879331689163e+01
9.995342255677163168e-01 -4.287753881091865317e-03 -3.021501309756794221e-02 -4.289362639850698988e-01 4.271247030681536890e-03 9.999906916186009909e-01 -6.108354018782916062e-04 -2.158181433692707429e-02 3.021735417815988450e-02 4.814951340836003124e-04 9.995432355545653680e-01 3.025604392100333229e+01
9.994780954188373645e-01 -4.086909562863489005e-03 -3.204424859454956670e-02 -4.661757250340602399e-01 4.066499332993061405e-03 9.999914852915593455e-01 -7.020849910158357549e-04 -3.519143723696728510e-02 3.204684852039526438e-02 5.714106919580130839e-04 9.994862045441759157e-01 3.103495136223094519e+01
9.994100358803090778e-01 -3.913990066441415741e-03 -3.412126565313653576e-02 -4.863959428602814827e-01 3.919562421194913715e-03 9.999923138332392769e-01 9.642071851090339152e-05 -3.513628037028448947e-02 3.412062963783370206e-02 -2.301043229895067405e-04 9.994176953540205854e-01 3.176809996116892165e+01
9.993482889637008704e-01 -4.111287572463978059e-03 -3.586216048517334304e-02 -5.075881130903545646e-01 4.179857082354490778e-03 9.999895765647548451e-01 1.837263995903467770e-03 -3.117504162540873924e-02 3.585423698031532658e-02 -1.985965603981051930e-03 9.993550569011785401e-01 3.251611038529244269e+01
9.992822472071702933e-01 -3.436954066216893824e-03 -3.772502675496981761e-02 -5.472478099920254913e-01 3.560558149319261075e-03 9.999885098870058275e-01 3.209750060681080749e-03 -3.468256821604483175e-02 3.771356554659413551e-02 -3.341768834522756623e-03 9.992830028068474535e-01 3.327767079288874896e+01
9.992052428240395523e-01 -2.663733548615872943e-03 -3.977168716608035087e-02 -6.019896255825236686e-01 2.810896330022650928e-03 9.999894073454625998e-01 3.644726794430648911e-03 -3.439913734872117324e-02 3.976156153339848592e-02 -3.753624690748351422e-03 9.992021460584895598e-01 3.399537179957273025e+01
9.991385323008339370e-01 -4.771181322926771468e-04 -4.149657185983941787e-02 -6.331514604543180269e-01 6.105686044973693966e-04 9.999946829413988159e-01 3.203322708426327783e-03 -3.930347108458812078e-02 4.149482727103596252e-02 -3.225900071207521078e-03 9.991335111239730837e-01 3.469626175974213567e+01
9.990488287768106712e-01 1.576260124858522294e-03 -4.357697728259959241e-02 -6.687562098727150017e-01 -1.466705861052488430e-03 9.999956835815508871e-01 2.545894977927813316e-03 -3.848086639857371816e-02 4.358080680885621089e-02 -2.479559118488352046e-03 9.990468283569223784e-01 3.541449691620008622e+01
9.989982025194166226e-01 2.131876236138556188e-03 -4.469951097542176205e-02 -6.957064510291631754e-01 -1.984817403267799193e-03 9.999924722240619568e-01 3.334063668505875613e-03 -3.593534786779344070e-02 4.470628704761513139e-02 -3.242003666110299109e-03 9.989949136559357346e-01 3.610743412941232577e+01
9.989362314585796820e-01 3.219193688576097584e-03 -4.600045731028296059e-02 -7.405330169285395669e-01 -2.999502369399569338e-03 9.999837688187217521e-01 4.844075023244019326e-03 -3.374911630514344785e-02 4.601530957115233106e-02 -4.700944162659115647e-03 9.989296735153240236e-01 3.680577775252484685e+01
9.989115172527005537e-01 6.006967284121537271e-03 -4.625685720909836901e-02 -7.841668933452577983e-01 -5.758367911461850785e-03 9.999682637162050636e-01 5.505700523178403902e-03 -2.067295991287988743e-02 4.628846666070476207e-02 -5.233344317909911086e-03 9.989144058364997081e-01 3.749236769324640051e+01
9.989430740104887629e-01 9.338526523138067359e-03 -4.500585084433987582e-02 -8.212209542934064688e-01 -9.162421135053784582e-03 9.999495462555315628e-01 4.117641975283518885e-03 -3.695195934133223281e-02 4.504203760638753745e-02 -3.700927847169341312e-03 9.989782370936954869e-01 3.815800090321499027e+01
9.990050286551771519e-01 1.070767931295966806e-02 -4.329316504594089843e-02 -8.669723205097326080e-01 -1.067295930921742173e-02 9.999425087407181056e-01 1.033037230260895958e-03 -3.400647672926450371e-02 4.330174207402952974e-02 -5.699433004522618668e-04 9.990618771981426560e-01 3.880296081353588988e+01
9.990855533492765117e-01 1.130338553797754185e-02 -4.123457765764110272e-02 -8.802619149620253269e-01 -1.134089024805081530e-02 9.999354617214203378e-01 -6.757389439500834094e-04 -3.814894057014392437e-02 4.122428266241242450e-02 1.142757939284385835e-03 9.991492645095821912e-01 3.944272292929424140e+01
9.992149001623168436e-01 1.221380639456003114e-02 -3.768827514352279112e-02 -9.168988094838248504e-01 -1.222992101854231649e-02 9.999251923124626851e-01 -1.970597851105298365e-04 -3.694193689682759296e-02 3.768305289385191770e-02 6.578297505941931023e-04 9.992895250659331596e-01 4.006321778014098101e+01
9.992471087077349212e-01 1.727677127688778680e-02 -3.473800201002836402e-02 -9.456227206245091388e-01 -1.720351651393062231e-02 9.998491123061714614e-01 2.406585866893410502e-03 -3.823020446351452217e-02 3.477434216027278785e-02 -1.807158416922962849e-03 9.993935558228237426e-01 4.073294777469163819e+01
9.992808070385260644e-01 2.191388072532505712e-02 -3.094592709958191717e-02 -9.867120245911098486e-01 -2.174458099067368491e-02 9.997467529095744876e-01 5.796830653575188105e-03 -2.608835236775951250e-02 3.106512444016144500e-02 -5.119756021742416507e-03 9.995042502422923913e-01 4.133153144629400799e+01
9.992938451795957411e-01 2.640477234633596682e-02 -2.673198251131612968e-02 -9.942685317915473941e-01 -2.623318596029457217e-02 9.996330662074167650e-01 6.749288849306972829e-03 -2.990683686612523318e-02 2.690038987708929727e-02 -6.043258468685771753e-03 9.996198518162952018e-01 4.194950401530544326e+01
9.993097971681710323e-01 3.035229713808515473e-02 -2.141651853841950240e-02 -1.022437013287565533e+00 -3.020961956688017480e-02 9.995193916906524034e-01 6.954460735179345335e-03 -2.589177328884992302e-02 2.161731166696829673e-02 -6.302676624793432381e-03 9.997464519443696185e-01 4.252632047698365625e+01
9.993074687713935367e-01 3.386762259536178071e-02 -1.541320656368844882e-02 -1.031384938863445955e+00 -3.373442390710273270e-02 9.993919011923976248e-01 8.821364395369424641e-03 -2.095093472728604134e-02 1.570259404225481450e-02 -8.295300666225281783e-03 9.998422958611919986e-01 4.309286458651567386e+01
9.992109689722622479e-01 3.869100236999496040e-02 -8.969156424051912338e-03 -1.046361995266259282e+00 -3.859988489100515952e-02 9.992035127484047985e-01 1.011874439386990267e-02 -1.080438198911233549e-02 9.353517873888640699e-03 -9.764553137107490760e-03 9.999085784556082102e-01 4.364494402257556516e+01
9.990985238283897063e-01 4.241505469629339165e-02 -1.761466311406651710e-03 -1.063096967734977971e+00 -4.239578984820931151e-02 9.990526203277120265e-01 9.821344891339215191e-03 -1.618148322092112512e-02 2.176370547652327087e-03 -9.737813568868493655e-03 9.999502179896848642e-01 4.418467586815553716e+01
9.989469773037225053e-01 4.552531985573959189e-02 5.690493825920473099e-03 -1.052781214448321956e+00 -4.558024905885020572e-02 9.989113475031852207e-01 9.927775322366837879e-03 -2.529498080088112000e-02 -5.232334370759669437e-03 -1.017669646128370811e-02 9.999345266547334798e-01 4.468338033728179681e+01
9.986795299033867090e-01 4.965576133061803954e-02 1.317200918023816135e-02 -1.075314646049746692e+00 -4.977976578510417971e-02 9.987172958053275318e-01 9.259480722809278197e-03 -1.739855133284737287e-02 -1.269532829018922039e-02 -9.902954532764908849e-03 9.998703717074166608e-01 4.517319682443370255e+01
9.982795667762293101e-01 5.484325364917373019e-02 2.073942997180750272e-02 -1.046639177800173792e+00 -5.500394676228924362e-02 9.984597545399291896e-01 7.258403904576618548e-03 -1.758213168292897810e-02 -2.030941396257974693e-02 -8.386667765077618006e-03 9.997585666631568779e-01 4.565440524136057832e+01
9.980134042723795007e-01 5.610848266779441124e-02 2.865454387625326199e-02 -1.042987616091974212e+00 -5.624853279608246076e-02 9.984083612574943256e-01 4.104482024301676565e-03 -3.329606400411987133e-02 -2.837864308878810041e-02 -5.708104761509924865e-03 9.995809473443426629e-01 4.608774608595233246e+01
9.976863343678802343e-01 5.708747222297430590e-02 3.691880935207374897e-02 -1.027941039426148784e+00 -5.725012173601832371e-02 9.983542036122931007e-01 3.362698172831496413e-03 -1.703076421908970850e-02 -3.666608460719812668e-02 -5.468524939206687030e-03 9.993126105845153706e-01 4.650248497694865790e+01
9.974141665922588995e-01 5.634793796996222931e-02 4.460818139408773836e-02 -1.009009935638519373e+00 -5.660431282457403096e-02 9.983865305990107242e-01 4.504145775823337194e-03 -3.069441204605458107e-02 -4.428241297464194370e-02 -7.017515030710536755e-03 9.989944057216794127e-01 4.691085154275354085e+01
9.969549277283213939e-01 5.757513733849795035e-02 5.259253965462162145e-02 -9.911754662230530810e-01 -5.792227916544592792e-02 9.983080727816759925e-01 5.099160050564684535e-03 -2.170835418373506798e-02 -5.220997775292905013e-02 -8.129913397950218681e-03 9.986030357977703220e-01 4.727754191989001953e+01
9.962536237605763567e-01 6.081981305864180010e-02 6.147899603486049747e-02 -9.723061336603051608e-01 -6.126927769918327771e-02 9.981063905156661864e-01 5.450583381597408350e-03 -2.593313316380621569e-02 -6.103108199537456147e-02 -9.196938136782335446e-03 9.980934945445586459e-01 4.764463831863948684e+01
9.953864699157042306e-01 6.547442862822537568e-02 7.013468501354541695e-02 -9.476022775477338511e-01 -6.596582847227432100e-02 9.978107616345280872e-01 4.710996025062551273e-03 -2.113418889257782929e-02 -6.967270126039416811e-02 -9.315755319057159381e-03 9.975264066786742045e-01 4.796988042713119427e+01
9.944581471282346596e-01 6.915286616742831460e-02 7.918884955308287676e-02 -9.250895801560565790e-01 -6.974001049114661455e-02 9.975542718258796349e-01 4.669661973232706528e-03 -1.284731732935720516e-02 -7.867226317144875025e-02 -1.016641569652429987e-02 9.968486945232084562e-01 4.827285010720017766e+01
9.936847208927352959e-01 6.904751607376891087e-02 8.844837475347505640e-02 -8.878298026823094879e-01 -6.976241870049428029e-02 9.975510365864413975e-01 5.013420446830948313e-03 -2.601573708851770417e-02 -8.788561319736531985e-02 -1.115213306079069697e-02 9.960681451942694498e-01 4.855834890707065199e+01
9.927357099476192825e-01 6.819585295958087434e-02 9.912181706930905944e-02 -8.430308016372098923e-01 -6.886547519784369520e-02 9.976203444557478761e-01 3.345849039281209927e-03 -3.246844310449047144e-02 -9.865777890861392174e-02 -1.014761593560917913e-02 9.950696808336635391e-01 4.882376195423857723e+01
9.916208955103136269e-01 6.680234139450368092e-02 1.105687355958128171e-01 -8.197123775432566539e-01 -6.714076196696024124e-02 9.977432923409896848e-01 -6.638855566495349692e-04 -3.747203262154152892e-02 -1.103635752856384905e-01 -6.765347032988384274e-03 9.938682572338246590e-01 4.909245116073431348e+01
9.899665208071983802e-01 6.779568339013110345e-02 1.239759297847855268e-01 -7.855481346844335189e-01 -6.774665278586342043e-02 9.976918777102279368e-01 -4.616089008164144143e-03 -4.188563828510213916e-02 -1.240027424331632128e-01 -3.829180995251698499e-03 9.922744877200736502e-01 4.935526835583532090e+01
9.878418405892733789e-01 6.929722619437959918e-02 1.391631781520537570e-01 -7.338852115189240521e-01 -6.896369165728820361e-02 9.975930203222638237e-01 -7.223235928674020222e-03 -3.628249937867344954e-02 -1.393287804038620681e-01 -2.461791953523376209e-03 9.902431179771724601e-01 4.961139453753938255e+01
9.853180884749422885e-01 7.085992964909054725e-02 1.553291089953203197e-01 -6.799025231344850706e-01 -7.035893002842175115e-02 9.974835566977094947e-01 -8.727839813572012967e-03 -4.331768644389782930e-02 -1.555567029222733322e-01 -2.329091552685584945e-03 9.878242202925349158e-01 4.987784660927033542e+01
9.824419003441521303e-01 7.164987734261381302e-02 1.722620217140725107e-01 -6.240938667642921267e-01 -7.097029737387471060e-02 9.974272061092969155e-01 -1.010868499995700928e-02 -4.371531127150360407e-02 -1.725431315918753150e-01 -2.294291261989012468e-03 9.849992930247472023e-01 5.011973953875903476e+01
9.791577702066819322e-01 7.092927403806580100e-02 1.903131498762413998e-01 -5.664447861070548429e-01 -7.004602644830715263e-02 9.974789318667097726e-01 -1.137254468395320489e-02 -4.703976255859508571e-02 -1.906400242325904104e-01 -2.195164454657366759e-03 9.816575606668406229e-01 5.035171174198136868e+01
9.753405497360659870e-01 7.007658155203445871e-02 2.092846860688789279e-01 -4.907253721689321946e-01 -6.904992826880521073e-02 9.975383933127291991e-01 -1.221725773553662339e-02 -5.498607917723324912e-02 -2.096256755943889383e-01 -2.535105717052151333e-03 9.777784279645033161e-01 5.062462714460232860e+01
9.707844597945449738e-01 7.041603188552876535e-02 2.293885550381318528e-01 -4.293624091344371285e-01 -6.913869734668852407e-02 9.975142004379572436e-01 -1.361104588136455296e-02 -5.256129706355229525e-02 -2.297768015011127651e-01 -2.646234073679015059e-03 9.732397570554827126e-01 5.084629486649568264e+01
9.653986049740259645e-01 7.216132814419003172e-02 2.505958284532446290e-01 -3.635525075902066305e-01 -7.046696849909939164e-02 9.973899301176673005e-01 -1.573956066746911436e-02 -5.892997176588724018e-02 -2.510775702900162054e-01 -2.463778398750730153e-03 9.679638373256432837e-01 5.107511651680449916e+01
9.591172021167670980e-01 7.356172439623973047e-02 2.732816441418521314e-01 -2.821302558532478577e-01 -7.135821693507679586e-02 9.972881756774245599e-01 -1.800832173712001508e-02 -6.193937178397286580e-02 -2.738653048160922254e-01 -2.228799583403063764e-03 9.617654783943653252e-01 5.133125275500400875e+01
9.517716242529303816e-01 7.480156501070407693e-02 2.975491410839606332e-01 -1.758772208302877005e-01 -7.230508631559301458e-02 9.971937869315622427e-01 -1.940427583809484213e-02 -7.244223788243658868e-02 -2.981656568637162663e-01 -3.045877148672502047e-03 9.545092840594552319e-01 5.155741451253461349e+01
9.431922918169515224e-01 7.753243485029148729e-02 3.230743114413417438e-01 -9.421159662996847484e-02 -7.491118846241844043e-02 9.969782292033576576e-01 -2.056026412565309033e-02 -7.002983342390584065e-02 -3.236921768458648763e-01 -4.809598105552006370e-03 9.461502279139362148e-01 5.179783802813837923e+01
9.332046583187821875e-01 7.972745946838225017e-02 3.503891899387539532e-01 2.782395930084409497e-02 -7.694144405441361023e-02 9.967952971463373002e-01 -2.188949284288927571e-02 -8.203641898722369152e-02 -3.510115278473088241e-01 -6.532073833982920269e-03 9.363483607501434935e-01 5.207438970041969384e+01
9.219725123080578788e-01 8.071918795047303141e-02 3.787493677195031827e-01 1.369671266835185142e-01 -7.758737426108816559e-02 9.967073507994843595e-01 -2.355114307221668757e-02 -8.278886139918939513e-02 -3.794033485706618802e-01 -7.672662747019984297e-03 9.251995703167710250e-01 5.229475726240125510e+01
9.092665756708258051e-01 7.912569895004442633e-02 4.086237877486587067e-01 2.606321705513616749e-01 -7.517943957590871029e-02 9.968377928511289454e-01 -2.573842903934293880e-02 -1.015225514793963307e-01 -4.093682495619475614e-01 -7.317014371184414959e-03 9.123399123408260092e-01 5.251530967602027999e+01
8.943165397247210269e-01 7.665863776145145914e-02 4.408189638438635427e-01 4.223554241887147453e-01 -7.128377276415884256e-02 9.970411305613288144e-01 -2.876817383054953298e-02 -1.153554934752389349e-01 -4.417200142186288314e-01 -5.695385161272624452e-03 8.971348910044101288e-01 5.276726027001780039e+01
8.770196084870794939e-01 7.597694097232585153e-02 4.744091971406272923e-01 5.778914836524873255e-01 -6.852988964786954629e-02 9.971031809454029560e-01 -3.299849813691726336e-02 -1.259009688089153256e-01 -4.755420951912137095e-01 -3.570879671581213277e-03 8.796857330045119161e-01 5.295660775929670194e+01
8.574220315516135615e-01 7.803779133838262272e-02 5.086624960496839432e-01 7.502035134142617245e-01 -6.795378369863944168e-02 9.969490573596204719e-01 -3.840391123141759233e-02 -1.393276054225875971e-01 -5.101076067432664951e-01 -1.637180994483934671e-03 8.601090495625656196e-01 5.320879809308533481e+01
8.356397280207220613e-01 8.007166918690460100e-02 5.434102877098984097e-01 9.191477350896348764e-01 -6.751896626966617798e-02 9.967888509094278149e-01 -4.304853031070901559e-02 -1.431980754118373222e-01 -5.451123420375941775e-01 -7.174378794645702023e-04 8.383627208636664774e-01 5.341034687667314529e+01
8.109956786910993420e-01 8.301370262079894868e-02 5.791327119695700576e-01 1.122170249232383510e+00 -6.840324941120293212e-02 9.965473490196560258e-01 -4.705716390326220716e-02 -1.612927636745168924e-01 -5.810396201748043721e-01 -1.451401906895291236e-03 8.138740009517528851e-01 5.363922756127301739e+01
7.834879494241941966e-01 8.704994578345158496e-02 6.152795293036273927e-01 1.337990507160935705e+00 -7.086159978651958291e-02 9.961964294894843919e-01 -5.070806215024185881e-02 -1.703616674637421502e-01 -6.173534700749430115e-01 -3.870535457183788691e-03 7.866763964864121883e-01 5.390261639231980695e+01
7.536502028660795327e-01 9.139563191820279653e-02 6.508902860703201787e-01 1.565788086625246489e+00 -7.408878319769951482e-02 9.957864389102287772e-01 -5.403906254820694394e-02 -1.745412154582755282e-01 -6.530867239431956683e-01 -7.497118487286579674e-03 7.572460431819391102e-01 5.412220203470382529e+01
7.204878740115352453e-01 9.294451680941927252e-02 6.872106586256929717e-01 1.821192391808976740e+00 -7.404982404782638195e-02 9.956230142286439655e-01 -5.702137377062102552e-02 -1.976602771652845314e-01 -6.895026448377895578e-01 -9.804619798777966175e-03 7.242168343051755830e-01 5.434494618823281087e+01
6.839999216128752613e-01 9.098324654090392261e-02 7.237859488300665278e-01 2.134276817595190945e+00 -7.048875850598589066e-02 9.957920817255656587e-01 -5.856163294630283705e-02 -2.248485038031382000e-01 -7.260685215270841208e-01 -1.096262042800427890e-02 6.875350023111997944e-01 5.461240576334058261e+01
6.452326805817326649e-01 8.963416433718726650e-02 7.587097222457436230e-01 2.419732372981253654e+00 -6.750072604251351749e-02 9.958983371801918283e-01 -6.025075871847272030e-02 -2.493321619393140953e-01 -7.609983582282654480e-01 -1.233769840004356189e-02 6.486365252543712101e-01 5.479453698325809796e+01
6.028239188562291018e-01 8.939509752386004537e-02 7.928504095361760262e-01 2.759723819847460291e+00 -6.527483973938756623e-02 9.958981132317888951e-01 -6.265894409896252681e-02 -2.619836105982594754e-01 -7.951997140109471340e-01 -1.398087309015009008e-02 6.061864544833979185e-01 5.502272520787123256e+01
5.571385178056412757e-01 8.917911046351080506e-02 8.256171540807009102e-01 3.108183237709598146e+00 -6.185607206675249742e-02 9.959116233212158553e-01 -6.583209525831547337e-02 -2.966244846054007511e-01 -8.281126560064402398e-01 -1.439183801208302436e-02 5.603769956008440856e-01 5.519472288074459954e+01
5.091979390226140101e-01 8.834024198701183328e-02 8.561036047018765194e-01 3.494699671249044570e+00 -5.817596138423122842e-02 9.959760208617761679e-01 -6.817127872219488904e-02 -3.223395089701024396e-01 -8.586810203028358846e-01 -1.509197536130802222e-02 5.122882160965435139e-01 5.538321355947495306e+01
4.606314743655020028e-01 8.642108851671220782e-02 8.833741883860867228e-01 3.923846133229210942e+00 -5.600898859628035409e-02 9.960953175571397589e-01 -6.824303182563142001e-02 -3.542176291112136832e-01 -8.858226240599912371e-01 -1.804200641903141653e-02 4.636732129732505370e-01 5.556689501228007089e+01
4.107859401766079666e-01 8.458246542948114066e-02 9.077998841680504638e-01 4.321766457019953656e+00 -5.590832420604281705e-02 9.961505530038309297e-01 -6.751544192443692527e-02 -3.845611671177716628e-01 -9.100160759933276777e-01 -2.301917633248152378e-02 4.139335058806387635e-01 5.572005069307857639e+01
3.607335744013245860e-01 8.410396695699619285e-02 9.288690536109056595e-01 4.759214831114872979e+00 -5.746355154987776992e-02 9.960379992046459741e-01 -6.786931739766458027e-02 -3.933142743068265279e-01 -9.308970515571526327e-01 -2.889337421985831156e-02 3.641372608698226210e-01 5.587122306042715536e+01
3.114091356487997952e-01 8.478047124837190252e-02 9.464864109737769482e-01 5.249921842396976679e+00 -5.593778331174573820e-02 9.959205544574736280e-01 -7.080404955540045564e-02 -4.121878365147076395e-01 -9.486281728173278083e-01 -3.089532491970960193e-02 3.148811912143493763e-01 5.598884085567301838e+01
2.641455761757876552e-01 8.142814633162201443e-02 9.610392670909096990e-01 5.714403522576949612e+00 -4.564319597199696654e-02 9.963686508424717259e-01 -7.187635277014887969e-02 -4.672845194580654282e-01 -9.634022586047863435e-01 -2.487908316994782987e-02 2.669030127391422980e-01 5.608354841847844341e+01
2.200353466484313569e-01 7.591941178624886377e-02 9.725330781749569331e-01 6.203980600649218857e+00 -3.147831884176119366e-02 9.970002873234791174e-01 -7.070744182442764703e-02 -4.928848853019335285e-01 -9.749839294436046799e-01 -1.505556874141201346e-02 2.217651198045174354e-01 5.614818480314652049e+01
1.777921952192711708e-01 7.400831846829550309e-02 9.812811021015120927e-01 6.740554448758957484e+00 -2.187349250447125082e-02 9.972188247807515227e-01 -7.124721482812264306e-02 -5.545504355187934609e-01 -9.838249785824327853e-01 -8.796844142411991765e-03 1.789165448840855654e-01 5.620485296347122528e+01
1.393245338840275460e-01 7.645361766750101429e-02 9.872909472850540658e-01 7.249501214321770526e+00 -1.786240051261018397e-02 9.970469294072794586e-01 -7.468838565804768181e-02 -5.518852818876843758e-01 -9.900857099602868860e-01 -7.229459553697073146e-03 1.402787443441672888e-01 5.624912491904863998e+01
1.063899976968503691e-01 7.667373790643841613e-02 9.913638088314553620e-01 7.783710252525194662e+00 -1.003812294184282423e-02 9.970544977403353881e-01 -7.603659868569964675e-02 -6.104301271337134738e-01 -9.942738604182336237e-01 -1.861895260008999270e-03 1.068462866161766500e-01 5.628747531261824832e+01
7.734176888135792238e-02 7.547621415777071296e-02 9.941435944962958571e-01 8.355829343641737239e+00 -1.682180971208598053e-03 9.971388723263778786e-01 -7.557274158850856016e-02 -6.518867094759157599e-01 -9.970032731364021350e-01 4.172603841260384694e-03 7.724744933555689752e-02 5.630543234580460421e+01
5.207108823623644855e-02 7.379532799002826160e-02 9.959130210933995198e-01 8.893546520656443022e+00 4.586175052429725986e-03 9.972377975049375731e-01 -7.413327148489287644e-02 -6.846727077547590801e-01 -9.986329028682644493e-01 8.427635906618984041e-03 5.158881952645905100e-02 5.629942539094155762e+01
3.217421894795963883e-02 7.294395091945246601e-02 9.968168807425508149e-01 9.472872766226892338e+00 1.080547024950573136e-02 9.972496062910553016e-01 -7.332437710556391486e-02 -7.161788546920631049e-01 -9.994239178245246658e-01 1.313023465436268834e-02 3.129753395005630684e-02 5.632230212782642553e+01
1.578639807953971866e-02 7.420483171297133362e-02 9.971180103705671316e-01 1.006211022350633932e+01 1.276760612065300574e-02 9.971460681681282301e-01 -7.440904962504452103e-02 -7.603853636966398932e-01 -9.997939207759761748e-01 1.390546596629764660e-02 1.479392717054166077e-02 5.630275709768734060e+01
2.430952883581154536e-03 7.469257683088399713e-02 9.972035917729330512e-01 1.065230669609971770e+01 1.404162024585381592e-02 9.971057283182439557e-01 -7.471946964822999415e-02 -7.910289294366167345e-01 -9.998985096219039637e-01 1.418399879666440780e-02 1.375112703575919479e-03 5.630197578346188436e+01
-9.324836248459813029e-03 7.546379239268524719e-02 9.971048879155847144e-01 1.124110400183380776e+01 1.493133702852753389e-02 9.970476319056371661e-01 -7.531981522184653943e-02 -8.066891288365305446e-01 -9.998450923869094398e-01 1.418576936412963008e-02 -1.042408076154504280e-02 5.629884759294133545e+01
-1.815812328603746278e-02 7.811257668996464398e-02 9.967791139606121398e-01 1.187343903741435014e+01 1.893984204141983124e-02 9.967915226362993319e-01 -7.776851819431850055e-02 -8.746420842315137945e-01 -9.996557762812354753e-01 1.746671421178498662e-02 -1.957930278156158610e-02 5.628227320457224181e+01
-2.516531563208197764e-02 7.960690091167198223e-02 9.965085761705505529e-01 1.249418228450829638e+01 2.287477081349792440e-02 9.966091789987197025e-01 -7.903726214778063197e-02 -9.327372870394701199e-01 -9.994216116296503749e-01 2.080591364253049982e-02 -2.690097373577427994e-02 5.624765038677341522e+01
-2.962619578364234993e-02 7.952641032736848525e-02 9.963923588514265184e-01 1.312937057085235359e+01 2.384431025646258778e-02 9.966025370140039197e-01 -7.883420385987399692e-02 -9.646824404813071352e-01 -9.992766600903931762e-01 2.142273706540698958e-02 -3.142179385352893844e-02 5.623130950733570899e+01
-3.357234199261371205e-02 7.681902600447913787e-02 9.964796180974655471e-01 1.378081696623668861e+01 2.181271822570911290e-02 9.968605424808703042e-01 -7.611349303425332669e-02 -1.014532067632285317e+00 -9.991982832169717943e-01 1.918062673449304201e-02 -3.514257437922470306e-02 5.621672237416625961e+01
-3.594454416224415749e-02 7.060468824984325598e-02 9.968564901081843344e-01 1.445449020805628138e+01 2.001874717236561824e-02 9.973518597183466117e-01 -6.991793340412238988e-02 -1.040606494181745667e+00 -9.991533143195188149e-01 1.744265542218639137e-02 -3.726277490954504196e-02 5.618993061709490178e+01
-3.709142216662007080e-02 6.466749982742658887e-02 9.972172456093331139e-01 1.511959905099688761e+01 2.093420448360451894e-02 9.977352757315516296e-01 -6.392244081413615830e-02 -1.078683962093592408e+00 -9.990926340815856621e-01 1.850498124786303239e-02 -3.836118251429632836e-02 5.616914610785377704e+01
-3.778183172806075241e-02 6.243558077440278242e-02 9.973335577935431573e-01 1.582525933990940104e+01 2.403609307454565580e-02 9.978142283978798099e-01 -6.155511066100771006e-02 -1.112280692184228315e+00 -9.989969496326568388e-01 2.164634351335109272e-02 -3.919995623257642448e-02 5.614090487660394757e+01
-3.764024014095041643e-02 6.423511600130185628e-02 9.972246267856214041e-01 1.651258164487404656e+01 2.763755612412508583e-02 9.976170357370222064e-01 -6.321720719793400001e-02 -1.169140100819706429e+00 -9.989091468840387567e-01 2.518134727446690035e-02 -3.932584595939596361e-02 5.610135899413558036e+01
-3.691206173215732383e-02 7.115552718225919004e-02 9.967819645206229540e-01 1.720254315020483205e+01 2.855048943013951609e-02 9.971296918911802809e-01 -7.012308331129137040e-02 -1.209715624935788991e+00 -9.989106442327727597e-01 2.587023198682703029e-02 -3.883763743003468966e-02 5.608514953791100766e+01
-3.453164261767342758e-02 7.861097295030787524e-02 9.963070685328770937e-01 1.791172520301027760e+01 2.763937412827750101e-02 9.965954757994509583e-01 -7.767575061043366369e-02 -1.283795077426215681e+00 -9.990213894570777464e-01 2.485503905389529686e-02 -3.658683647456924953e-02 5.606794339220964218e+01
-3.277661161126300265e-02 8.057406163443445180e-02 9.962095204096808043e-01 1.862645839297738704e+01 2.801070668593130461e-02 9.964276561245687391e-01 -7.967010739343895198e-02 -1.321339930676936003e+00 -9.990701676990288993e-01 2.529322305496637530e-02 -3.491645827452650314e-02 5.603636126380833815e+01
-3.014089105593486737e-02 7.609392821957516873e-02 9.966449392465037693e-01 1.938206288035182823e+01 2.899410676161598074e-02 9.967449946820082785e-01 -7.522471001689243209e-02 -1.355223498406498361e+00 -9.991251044827579308e-01 2.662949668132822550e-02 -3.224905735001833834e-02 5.601538815560311946e+01
-2.762989091383125442e-02 7.013376852122540916e-02 9.971548213298120356e-01 2.010179880353008741e+01 2.899823575384676694e-02 9.971721258878802896e-01 -6.933147477260508118e-02 -1.398414657055414789e+00 -9.991975767651085638e-01 2.700011624208311506e-02 -2.958551217637638356e-02 5.599086102245288998e+01
-2.489812527891469354e-02 6.841633046282886987e-02 9.973460698808069846e-01 2.086179354762937876e+01 2.717442420150621013e-02 9.973330656877867906e-01 -6.773703932255459303e-02 -1.430832089513522920e+00 -9.993206392464080157e-01 2.541578642775076460e-02 -2.669089755436321668e-02 5.598643218760371099e+01
-2.181799797412173336e-02 7.325627546177311544e-02 9.970744140394837141e-01 2.158018184051328703e+01 3.337666119165914880e-02 9.968093167251544928e-01 -7.250644280286965004e-02 -1.511801249588206497e+00 -9.992047234608177897e-01 3.169707675506024808e-02 -2.419343312095856638e-02 5.595999000767510267e+01
-1.825863002141526678e-02 7.846557080305513465e-02 9.967495526660969940e-01 2.228705791191718433e+01 3.530327932382387734e-02 9.963447495377660834e-01 -7.778700492679267720e-02 -1.579141987774621780e+00 -9.992098912743722083e-01 3.376825124461202421e-02 -2.096198171945213087e-02 5.594656538839712567e+01
-1.610645384791107096e-02 7.939109366353537534e-02 9.967133642658495551e-01 2.303941667338720833e+01 2.976521219663872189e-02 9.964389983774822879e-01 -7.888823900151058222e-02 -1.621428152593102023e+00 -9.994271960910424690e-01 2.839678187938570603e-02 -1.841219107869094748e-02 5.593957973439286491e+01
-1.232895687691902900e-02 7.654456418338795309e-02 9.969898798775386206e-01 2.378545769283471500e+01 2.469500451610438796e-02 9.967849036275729935e-01 -7.622343666763824188e-02 -1.658032480310814183e+00 -9.996190572616897585e-01 2.368092042745022913e-02 -1.417958602141733589e-02 5.594589333709595280e+01
-8.084672115924699740e-03 7.275852365642607178e-02 9.973167647810762260e-01 2.450261587577296751e+01 2.956844651668068258e-02 9.969306953412652161e-01 -7.249065689591331629e-02 -1.701817326485761672e+00 -9.995301151363024106e-01 2.890305113878145066e-02 -1.021121388402186116e-02 5.593900061658412426e+01
-4.514386236413044963e-03 7.357682989268725382e-02 9.972792810559614196e-01 2.527457089063543449e+01 3.426711374758238671e-02 9.967151686475830275e-01 -7.338008694822120703e-02 -1.770028401103926230e+00 -9.994025671333113259e-01 3.384262399489638973e-02 -7.020822427390685690e-03 5.593704628975245896e+01
