9.999999999999998890e-01 0.000000000000000000e+00 3.049318610115481221e-19 0.000000000000000000e+00 1.734723475976807094e-18 1.000000000000000000e+00 0.000000000000000000e+00 1.387778780781445676e-17 -2.032879073410320814e-20 0.000000000000000000e+00 1.000000000000000000e+00 0.000000000000000000e+00
9.999982643276112970e-01 2.216918285044104653e-04 1.849918005188777017e-03 -7.467829592442754190e-03 -2.212449007649892885e-04 9.999999462930242444e-01 -2.417955805300948599e-04 -3.381280703959600731e-02 -1.849971542218361307e-03 2.413858797013918034e-04 9.999982596662664314e-01 1.190013064044477265e+00
9.999942023863814811e-01 3.796229363791907979e-04 3.383945020345185788e-03 -4.202384975279865528e-03 -3.794309852361392454e-04 9.999999263709375974e-01 -5.736690675001328288e-05 -4.879325832967920662e-02 -3.383966607666923695e-03 5.608260394625134981e-05 9.999942727936868003e-01 2.388366855721439475e+00
9.999902121186446946e-01 2.146942204622193096e-04 4.419228300201276903e-03 -6.623492059239770129e-03 -2.149382997599230682e-04 9.999999754018548126e-01 5.475585448521790716e-05 -7.236474951988880466e-02 -4.419216512220366065e-03 -5.570517653138117031e-05 9.999902336605569486e-01 3.585412135421322866e+00
9.999847998944253469e-01 5.832221642688810437e-05 5.513309870899213948e-03 -1.053618712286265996e-02 -5.877475941374644963e-05 9.999999949173876690e-01 8.191973986056578366e-05 -9.412524450519449415e-02 -5.513305160528885786e-03 -8.224253382721306849e-05 9.999847982320395623e-01 4.800128317157493107e+00
9.999813243507583715e-01 -1.110624865983400600e-04 6.110533771053090757e-03 -1.068836162275342214e-02 1.113284693594566305e-04 9.999999928702685281e-01 -4.318839891875002335e-05 -1.118595738281942809e-01 -6.110529036707791281e-03 4.386787485586955693e-05 9.999813295769867105e-01 5.990125420466092088e+00
9.999753885602896686e-01 -9.366262163164676413e-05 7.015234150283325247e-03 -9.447752469524464680e-03 9.850328642154772274e-05 9.999997573195569256e-01 -6.896795549212776655e-04 -1.432971355044609929e-01 -7.015167972723550249e-03 6.903536174372093201e-04 9.999751551018988271e-01 7.193577033089689543e+00
9.999697973406345142e-01 -9.737690739041945931e-05 7.771417780270187953e-03 -5.375774092081974688e-03 1.035831587567273560e-04 9.999996760726322931e-01 -7.982011839593313937e-04 -1.594842988169086762e-01 -7.771337671821110585e-03 7.989820787676696345e-04 9.999694834985766168e-01 8.376793745977963113e+00
9.999687837822783809e-01 -6.265257031818141642e-05 7.901110414133572304e-03 -5.165211281744361629e-03 6.242044944759599090e-05 9.999999976129678725e-01 2.962482015775487476e-05 -1.904757876421989127e-01 -7.901112388118042978e-03 -2.913069742979060989e-05 9.999687852950330802e-01 9.600567266439316683e+00
9.999761562784599267e-01 -4.053168646210407455e-05 6.905450071187594491e-03 -5.701237594398434610e-03 3.598163684154741249e-05 9.999997821922643748e-01 6.590299967089013888e-04 -2.099315147155003947e-01 -6.905475397678896218e-03 -6.587658132188537602e-04 9.999759399247553082e-01 1.082157248989181930e+01
9.999870981367043887e-01 -1.067066729025760961e-03 4.966380698518488117e-03 -1.051598538322089452e-02 1.064484369780223025e-03 9.999992968881897815e-01 5.225840412967286061e-04 -2.397423143377209742e-01 -4.966934924052277510e-03 -5.172906637691291817e-04 9.999875309029550019e-01 1.200551441144560805e+01
9.999949583135288034e-01 -1.390549179365663419e-03 2.854772658140752178e-03 -1.191521996345846005e-02 1.389977867787434498e-03 9.999990135561145355e-01 2.021032565472525439e-04 -2.624155068001009505e-01 -2.855050925689984337e-03 -1.981341649963204096e-04 9.999959047032328519e-01 1.318749128137664961e+01
9.999976006342422563e-01 -1.190029105637550357e-03 1.839174054190979022e-03 -1.844338660108537156e-02 1.189548224205093201e-03 9.999992580216997551e-01 2.625430002841117744e-04 -2.866026057606019251e-01 -1.839485154859565137e-03 -2.603545839724727765e-04 9.999982742522036672e-01 1.437863874599576164e+01
9.999995700041178770e-01 -1.185912150672065873e-04 9.197440944753289358e-04 -2.993379645685762674e-02 1.183861512108960734e-04 9.999999681255270501e-01 2.230098603630556800e-04 -3.094035764361183216e-01 -9.197705278763490620e-04 -2.229008806205945090e-04 9.999995521679713173e-01 1.556065815122759055e+01
9.999997957462484210e-01 -3.249756450677820929e-04 5.503632070930384668e-04 -4.338006072950686270e-02 3.248995245266330864e-04 9.999999376427918252e-01 1.383982725056227478e-04 -3.328551168488257384e-01 -5.504081582099778396e-04 -1.382194320258423731e-04 9.999998389727416948e-01 1.677396932994101775e+01
9.999998318981141443e-01 -5.489541020321968626e-04 1.866933640954856501e-04 -3.355772541877108384e-02 5.488623318016683933e-04 9.999997286974259270e-01 4.912780237909444153e-04 -3.608461546720017621e-01 -1.869630052565201053e-04 -4.911754762068776953e-04 9.999998618956553731e-01 1.797912238360019543e+01
9.999995304813136254e-01 -7.791464742614240616e-04 -5.761671159728507224e-04 -4.205801540137269617e-02 7.795946209011072117e-04 9.999993934890542002e-01 7.779795271374567722e-04 -3.828459121090113104e-01 5.755606172836072844e-04 -7.784283457856772809e-04 9.999995313900255089e-01 1.916819479883683286e+01
9.999992733661464683e-01 -8.707909484774820769e-04 -8.336610375292911705e-04 -6.023293170779019101e-02 8.707780264945123166e-04 9.999996207459860287e-01 -1.587170351008762581e-05 -4.073070074096817317e-01 8.336745568086207639e-04 1.514575824341796856e-05 9.999996523791990777e-01 2.037807448374835317e+01
9.999985714892053457e-01 -7.526023694158483907e-04 -1.513475617537833823e-03 -6.083124650304512493e-02 7.514143791025051922e-04 9.999994092914114008e-01 -7.853610837621005994e-04 -4.330597218785384728e-01 1.514065813696640218e-03 7.842227208591122031e-04 9.999985462996634489e-01 2.157477427325575903e+01
9.999971579329586246e-01 -5.189620969072994416e-04 -2.326972699312761413e-03 -7.811161835012149501e-02 5.182036183867247056e-04 9.999998124166646907e-01 -3.265436514589539416e-04 -4.596930232294672014e-01 2.327141766637375996e-03 3.253368789289199509e-04 9.999972392813921696e-01 2.277108575415780223e+01
9.999954764008242014e-01 -5.449944344393144180e-04 -2.958066201961550429e-03 -9.180406978604015167e-02 5.436283702641812876e-04 9.999997452361923944e-01 -4.625957593898015821e-04 -4.804935953608436838e-01 2.958317611321318458e-03 4.609855799662570044e-04 9.999955179166625241e-01 2.397097406711467116e+01
9.999918945698579309e-01 -9.872578957795252741e-05 -4.025051807622978019e-03 -1.043001372794613441e-01 9.517530013856100035e-05 9.999996062617891868e-01 -8.822799620791634337e-04 -5.077507831779113356e-01 4.025137395480852739e-03 8.818897297578785419e-04 9.999915102365618536e-01 2.516712582884042249e+01
9.999890602646263060e-01 -1.104546055476895300e-04 -4.676231827904359963e-03 -1.231523878414281237e-01 1.084033794071584400e-04 9.999998978073446620e-01 -4.389007834117754359e-04 -5.333857539894228950e-01 4.676279909215821755e-03 4.383890624014693746e-04 9.999889700532159642e-01 2.636064034241717735e+01
9.999825241076527593e-01 -1.286810166823559518e-03 -5.770233320116545730e-03 -1.249575962632559767e-01 1.293594258650974244e-03 9.999984763661640130e-01 1.172124825843793607e-03 -5.560669565878275655e-01 5.768716327363533972e-03 -1.179568697883830349e-03 9.999826651190368842e-01 2.757486357886601880e+01
9.999774263927632134e-01 -1.738925018762832106e-03 -6.490210938971339646e-03 -1.353387268035989577e-01 1.748514085068121442e-03 9.999973878314338815e-01 1.472081949661958530e-03 -5.890423209495431189e-01 6.487634259203975927e-03 -1.483396963117123921e-03 9.999778548274746992e-01 2.877056730670672735e+01
9.999740243955993479e-01 -1.786236739895595386e-03 -6.982827865926457753e-03 -1.533940755931929301e-01 1.791450041099664457e-03 9.999981212515300921e-01 7.404030744382218004e-04 -6.117004240992726105e-01 6.981492333545334314e-03 -7.528932414108445784e-04 9.999753456597740842e-01 2.998254844711778588e+01
9.999640414651086440e-01 -2.319521881410430489e-03 -8.156934880567458593e-03 -1.702078079051868587e-01 2.319548556876130548e-03 9.999973098223303714e-01 -6.192509979917153184e-06 -6.332883464349662317e-01 8.156927442119979096e-03 -1.272812525662976590e-05 9.999667316392619743e-01 3.117644330243797768e+01
9.999616911662505547e-01 -1.591120221561539635e-03 -8.607236834424313379e-03 -1.893580567255901681e-01 1.588794493881111498e-03 9.999986994885564640e-01 -2.770386067019675949e-04 -6.572612952006465781e-01 8.607666591308939241e-03 2.633528587632173387e-04 9.999629186797055480e-01 3.236898559137184606e+01
9.999529470405179588e-01 -2.248672862868291746e-03 -9.436480523008921456e-03 -2.007327251947356173e-01 2.251576030268473416e-03 9.999974210811575226e-01 2.970390992887888063e-04 -6.786125293593882057e-01 9.435788407242668915e-03 -3.182720861479634150e-04 9.999554313142550166e-01 3.356520571875847025e+01
9.999499173843723332e-01 -2.060254654353475129e-03 -9.793776702899159581e-03 -2.242571104736178489e-01 2.065119937915944372e-03 9.999977492046098204e-01 4.866841546311059113e-04 -7.073012976834280874e-01 9.792752136065240726e-03 -5.068851160201478037e-04 9.999519213885287305e-01 3.476668601390464630e+01
9.999419763265253724e-01 -2.778119337114742272e-03 -1.040797875344211254e-02 -2.359117643553860499e-01 2.784003216368150999e-03 9.999959729202052561e-01 5.508759009377386245e-04 -7.364179228162699431e-01 1.040640662170642938e-02 -5.798197964212298272e-04 9.999456837883002880e-01 3.596359700857518504e+01
9.999377299998841728e-01 -2.330230092653196722e-03 -1.091357582412737399e-02 -2.630126306669810510e-01 2.334969637482786284e-03 9.999971850974527232e-01 4.215561619997495665e-04 -7.596279880114924499e-01 1.091256297023172200e-02 -4.470127924461313879e-04 9.999403563045519139e-01 3.714918369840385992e+01
9.999373078072130161e-01 -3.084156610191002117e-03 -1.076421951502787126e-02 -2.955439134556594460e-01 3.094650136627200010e-03 9.999947523554630902e-01 9.583299084236955936e-04 -7.870176338346032141e-01 1.076120757628375516e-02 -9.915813389120885571e-04 9.999416048926567102e-01 3.835374694946698071e+01
9.999351399781558625e-01 -2.829823439103716469e-03 -1.103213142301437411e-02 -3.002908249549803843e-01 2.852281219805193058e-03 9.999938910836633221e-01 2.020465671815588338e-03 -8.031923816246863135e-01 1.102634666065058743e-02 -2.051801392706874630e-03 9.999371029262114074e-01 3.955157403238317926e+01
9.999364918190613016e-01 -2.754801919797537912e-03 -1.092810059375677947e-02 -3.211977012802023634e-01 2.785916471046954307e-03 9.999921063475916139e-01 2.833003030807274003e-03 -8.309796977089463077e-01 1.092021016096578548e-02 -2.863267921858752597e-03 9.999362733319472341e-01 4.075571424175059576e+01
9.999430350028741810e-01 -2.374342752827123329e-03 -1.040621129842068601e-02 -3.433098672131770224e-01 2.400673942101049819e-03 9.999939467609078037e-01 2.518571259931056544e-03 -8.492381429105557711e-01 1.040016853840074890e-02 -2.543409741152469206e-03 9.999426821465227100e-01 4.196902378509918918e+01
9.999434137319447302e-01 -1.740834141540955303e-03 -1.049470424286669604e-02 -3.624988182963431171e-01 1.766342683318412876e-03 9.999955073733550748e-01 2.421830471098109124e-03 -8.716552480419783588e-01 1.049044127299337756e-02 -2.440230703708557401e-03 9.999419962844157128e-01 4.317572143056843714e+01
9.999512718234249142e-01 4.056444764622326588e-04 -9.863539678392561905e-03 -3.855919334335036197e-01 -3.659439995416739061e-04 9.999918268825347401e-01 4.026444188119383469e-03 -8.830495577012896780e-01 9.865092541859805941e-03 -4.022638530054703510e-03 9.999432475620820826e-01 4.437049369485782790e+01
9.999629391994442340e-01 4.072863643772260678e-04 -8.599670418958198226e-03 -4.151052048429519359e-01 -3.478076393350557072e-04 9.999760184520971595e-01 6.916758582099305670e-03 -9.074624096740574464e-01 8.602281442297325317e-03 -6.913511282202972584e-03 9.999391002111592819e-01 4.557656618782696967e+01
9.999738806184480522e-01 1.334577460424314979e-03 -7.103307015269485873e-03 -4.361463623416342306e-01 -1.265310493080640947e-03 9.999516968437984765e-01 9.746946597633452530e-03 -9.203592882175386514e-01 7.115972090414601076e-03 -9.737704221529371040e-03 9.999272673907937392e-01 4.677347978268271333e+01
9.999867967261093504e-01 1.472826135284648064e-03 -4.923123658321312129e-03 -4.396399472141886422e-01 -1.408609401042681605e-03 9.999142177891630068e-01 1.302201524111366512e-02 -9.313167449550598942e-01 4.941880603673987592e-03 -1.301490867483410738e-02 9.999030902942850352e-01 4.797330453773560066e+01
9.999917490814155263e-01 1.204050341554421810e-03 -3.879693791799465434e-03 -4.616883703150428397e-01 -1.147804784992925362e-03 9.998946861009115894e-01 1.446717831779590138e-02 -9.417717357560833058e-01 3.896704497772545805e-03 -1.446260595655888929e-02 9.998878180745109923e-01 4.918331983841062538e+01
9.999969815445552968e-01 5.132619696426865552e-04 -2.402802426928630358e-03 -4.590705396879719569e-01 -4.810253653157094827e-04 9.999101316530675243e-01 1.339765757725342246e-02 -9.550370351412129644e-01 2.409463053164217963e-03 -1.339646145381843609e-02 9.999073603671110311e-01 5.039765684885453112e+01
9.999990883183996759e-01 9.432979292677123179e-04 -9.662030118708059929e-04 -4.968208752329597022e-01 -9.319566299344703153e-04 9.999314460717856345e-01 1.167195834620186196e-02 -9.609903916453960138e-01 9.771469365694863789e-04 -1.167104735462128583e-02 9.999314135692647376e-01 5.159863144569294491e+01
9.999995993670832695e-01 8.727252065344678900e-04 -1.990338797169375240e-04 -4.897202830554905351e-01 -8.704698524584983388e-04 9.999384215291499123e-01 1.106324681903680940e-02 -9.570954025781696073e-01 2.086768115949539271e-04 -1.106306923622762603e-02 9.999387806044994775e-01 5.278951527503571839e+01
9.999998617332730433e-01 5.256122968055904759e-04 1.625410660073575670e-05 -5.095790250982925595e-01 -5.257580336301189566e-04 9.999406666717910452e-01 1.088056579658311547e-02 -9.822526337976190680e-01 -1.053417322368209344e-05 -1.088057293824974334e-02 9.999408047604262384e-01 5.400808051607099713e+01
9.999994244121273024e-01 2.521760805890057439e-04 -1.042871366843731509e-03 -5.043632805368575278e-01 -2.416236681141159526e-04 9.999488999890946417e-01 1.010638540633190460e-02 -9.982841371829163091e-01 1.045366692155938948e-03 -1.010612770084090561e-02 9.999483853659371091e-01 5.520287686590765475e+01
9.999965066020990445e-01 3.580381951614874242e-04 -2.618890564526652441e-03 -5.201305558875499724e-01 -3.321172277804939482e-04 9.999510233996734554e-01 9.891435574426820851e-03 -9.997043224149408935e-01 2.622303866397592866e-03 -9.890531334610881686e-03 9.999476490892815761e-01 5.640973720616311482e+01
9.999925346465076137e-01 -1.465105855791137140e-04 -3.861240796931571240e-03 -5.359710896452930529e-01 1.891751926563160074e-04 9.999389134663666523e-01 1.105140464619282052e-02 -1.013974955437020098e+00 3.859385856377301003e-03 -1.105205269956581644e-02 9.999314762928218636e-01 5.761744294543254341e+01
9.999860680116644529e-01 -1.504285593514932684e-04 -5.276470999227244468e-03 -5.411178167890497992e-01 2.110313448078077192e-04 9.999340022761975533e-01 1.148679910421049680e-02 -1.026750379739493235e+00 5.274394923441240099e-03 -1.148775268138397566e-02 9.999201029623081549e-01 5.883317296201116875e+01
9.999842485736790687e-01 5.684089042813297854e-05 -5.612429519886210846e-03 -5.621006738509231049e-01 6.393401941242812803e-06 9.999365346908080099e-01 1.126616820903294028e-02 -1.036455430943232781e+00 5.612713811907625409e-03 -1.126602674210660723e-02 9.999207839110019203e-01 6.004819786306202190e+01
9.999792268679508211e-01 5.449512641437642690e-04 -6.422526757591062382e-03 -5.804014258971342821e-01 -4.730823219231579391e-04 9.999373189630985648e-01 1.118634593480534803e-02 -1.044312218365671452e+00 6.428220321870147837e-03 -1.118307528460172132e-02 9.999168049513167400e-01 6.124143747005022220e+01
9.999790227793076136e-01 2.387992968328287585e-04 -6.472786569933561621e-03 -5.789495933135762051e-01 -1.693557656924117583e-04 9.999424501486360306e-01 1.072696165573683302e-02 -1.055344346419721857e+00 6.474975774908291182e-03 -1.072564053490191946e-02 9.999215145885655964e-01 6.244762249032840629e+01
9.999783898737156784e-01 -1.550831006032413195e-04 -6.572345480276239188e-03 -5.835126182162573283e-01 2.219054195917048028e-04 9.999482831383370574e-01 1.016768425848397356e-02 -1.078187186451862623e+00 6.570428866355597190e-03 -1.016892307205248883e-02 9.999267085548090295e-01 6.365960302661481052e+01
9.999760941099414824e-01 -2.521529377296312033e-04 -6.909965083588223700e-03 -6.022637041808521774e-01 3.271950141981519455e-04 9.999409640695696710e-01 1.086099972716438392e-02 -1.087276906904292462e+00 6.906818644017224430e-03 -1.086300109747240228e-02 9.999171421059888099e-01 6.485918424019779138e+01
9.999737405184941919e-01 -1.049788899167639934e-03 -7.170509583749197675e-03 -6.153521238545895944e-01 1.137655891518710854e-03 9.999241855226891351e-01 1.226087027184397105e-02 -1.097085564301019334e+00 7.157094765150761456e-03 -1.226870599886158673e-02 9.998991223431992204e-01 6.605604731478749159e+01
9.999732016082487629e-01 -3.264165136922080740e-04 -7.313652098251510573e-03 -6.328444845708302013e-01 4.092769039476763446e-04 9.999357193275155709e-01 1.133091792690391932e-02 -1.117897600007062620e+00 7.309483510097039560e-03 -1.133360769610886228e-02 9.999090562657753090e-01 6.725193918688268013e+01
9.999714956956633483e-01 1.439682704782868639e-03 -7.411821358444124937e-03 -6.406024606858204962e-01 -1.364351377191290113e-03 9.999474681338590409e-01 1.015871632829059082e-02 -1.138559668181296836e+00 7.426057467629372522e-03 -1.014831453362015704e-02 9.999209295725426383e-01 6.846141931689493276e+01
9.999711414812274546e-01 2.126544563848678862e-03 -7.293421543914858918e-03 -6.718159866171248273e-01 -2.051069405209889063e-03 9.999444340732080994e-01 1.034030371642095936e-02 -1.139515135290804615e+00 7.315005530804024290e-03 -1.032504609993740476e-02 9.999199388609111283e-01 6.965829470617197217e+01
9.999690292860959895e-01 2.859188671985880489e-03 -7.332495631122179329e-03 -6.895389357676676712e-01 -2.781661199437004614e-03 9.999403553955369395e-01 1.056162934115570905e-02 -1.154971445844790168e+00 7.362256115191172755e-03 -1.054090582705848045e-02 9.999173398355978293e-01 7.085112459497108262e+01
9.999667757050013650e-01 4.159483631459489142e-03 -7.010432478559028811e-03 -7.197778292681843437e-01 -4.085217250439695386e-03 9.999357388534513280e-01 1.057493111090405946e-02 -1.158182014270799032e+00 7.053968364423101808e-03 -1.054594073294912171e-02 9.999195090998655999e-01 7.205855132462406232e+01
9.999631007064643251e-01 6.138774843529702305e-03 -6.009380018951237211e-03 -7.197540000272293348e-01 -6.068841982067274890e-03 9.999144497542569177e-01 1.158716261195812808e-02 -1.186212793241680608e+00 6.079997012652947445e-03 -1.155026519218961198e-02 9.999148088828766490e-01 7.323102963951555466e+01
9.999680399282522281e-01 6.956229726927509044e-03 -3.940808416185822421e-03 -7.532390801877502096e-01 -6.908476533217673340e-03 9.999040798246201511e-01 1.200433718592880741e-02 -1.180190079206348441e+00 4.023935420331157219e-03 -1.197672866266988323e-02 9.999201797764319943e-01 7.442355962990319540e+01
9.999804544493644531e-01 6.125063953785260876e-03 -1.254710077293720279e-03 -7.569074840598746245e-01 -6.111190349098530317e-03 9.999232437485399139e-01 1.077775357383864777e-02 -1.190138793178671994e+00 1.320628232530079733e-03 -1.076987524910262908e-02 9.999411311339448938e-01 7.559205085128144219e+01
9.999937707329272785e-01 3.422089811679152396e-03 8.647493481312362382e-04 -7.640535283251717047e-01 -3.427070638909412298e-03 9.999771589617094669e-01 5.825525433399666650e-03 -1.232118174516998677e+00 -8.447941347281595669e-04 -5.828452756936382956e-03 9.999826575804631190e-01 7.677989588010356670e+01
9.999840791807766971e-01 4.184988261965373602e-03 3.785136113625270794e-03 -7.604188785364758285e-01 -4.203905494454511158e-03 9.999786449147058942e-01 5.003688614642089021e-03 -1.233066227841217000e+00 -3.764114964577925607e-03 -5.019521351914548596e-03 9.999803177263757448e-01 7.795533400799200763e+01
9.999709810661928655e-01 3.571809253128778797e-03 6.728982547334899297e-03 -7.540315835140015688e-01 -3.625704689975528527e-03 9.999613115260919116e-01 8.014344702936031933e-03 -1.251358695000087229e+00 -6.700096611675077779e-03 -8.038509508965053368e-03 9.999452440328034930e-01 7.911240033035993235e+01
9.999476425588014195e-01 3.042627362167258862e-03 9.770085270115353229e-03 -7.549183823199078214e-01 -3.134446682381423002e-03 9.999509394537049456e-01 9.396485124655356777e-03 -1.276258149493342042e+00 -9.741016101946694053e-03 -9.426617039856069816e-03 9.999081215227129116e-01 8.031473870802152248e+01
9.998959357126435687e-01 3.750676519046911017e-03 1.393018952209445875e-02 -7.508314307762670170e-01 -3.862979167708835426e-03 9.999601875355242919e-01 8.043677070068091031e-03 -1.275131682505983521e+00 -1.389946592980638961e-02 -8.096652106650096062e-03 9.998706161586390362e-01 8.148754352626714592e+01
9.998444081410589046e-01 3.406334393711430222e-03 1.730769793355741576e-02 -7.377955775887754530e-01 -3.505824886538637039e-03 9.999774879927700866e-01 5.721250264464520369e-03 -1.302931180778518439e+00 -1.728782010535006089e-02 -5.781037882157820905e-03 9.998338416253224059e-01 8.265161525027092182e+01
9.997789467380642225e-01 2.637665650149461152e-03 2.085906028681432794e-02 -7.307808609219950124e-01 -2.677126040159424555e-03 9.999946791197142915e-01 1.864063573472316514e-03 -1.327989230586307690e+00 -2.085403288138442529e-02 -1.919493849782172995e-03 9.997806883684831059e-01 8.381004507171576279e+01
9.997195140707689776e-01 1.683228562548209559e-03 2.362329248999848336e-02 -7.056732534298564286e-01 -1.706697591011514109e-03 9.999980698933764733e-01 9.733426017647754669e-04 -1.349722198803232187e+00 -2.362160894470410888e-02 -1.013387397855954053e-03 9.997204572346825024e-01 8.498861549755163480e+01
9.996175029959361025e-01 1.600316333701105875e-03 2.760954027812160053e-02 -6.688507510293629776e-01 -1.665420843246633031e-03 9.999958865779877693e-01 2.335209428825613456e-03 -1.377984417188764521e+00 -2.760569011060330299e-02 -2.380297719485432572e-03 9.996160563092004736e-01 8.613527554467918890e+01
9.995013665514361767e-01 2.277910223441134696e-03 3.149332325406894312e-02 -6.425092263609533116e-01 -2.365643664959343404e-03 9.999934238976817547e-01 2.748798866410637459e-03 -1.394139122580652757e+00 -3.148685517654379457e-02 -2.821930202347308451e-03 9.995001824084367437e-01 8.729456143130319390e+01
9.993769266029229881e-01 2.255636974346933096e-03 3.522315572541821066e-02 -6.077075395940610969e-01 -2.302275273383917395e-03 9.999965259754888258e-01 1.283576851150308035e-03 -1.420461766537834958e+00 -3.522013868471970954e-02 -1.363870470505209112e-03 9.993786477910330257e-01 8.845821704706918354e+01
9.992638981872755677e-01 2.395754969111450750e-03 3.828736294845177385e-02 -5.812203269886486723e-01 -2.356080015526283364e-03 9.999966398037983817e-01 -1.081329134936579936e-03 -1.445999307931082223e+00 -3.828982555919602238e-02 9.903251188337989369e-04 9.992661850009391111e-01 8.963157779937385783e+01
9.991336065378694231e-01 2.358701784834280404e-03 4.155084639930118479e-02 -5.448982197246784454e-01 -2.297183075282172374e-03 9.999961936982721955e-01 -1.528248502380813445e-03 -1.462685439797270615e+00 -4.155429364778692736e-02 1.431474586796003569e-03 9.991352218450531009e-01 9.075716079623275334e+01
9.990100273409843190e-01 1.238370570923037067e-03 4.446832284140055103e-02 -4.908747372291624167e-01 -1.215429008889665555e-03 9.999991139739490276e-01 -5.429419994214604306e-04 -1.496617738360465077e+00 -4.446895657525723466e-02 4.883564569956380663e-04 9.990106472810352800e-01 9.192250860133344759e+01
9.988721144671328656e-01 6.644286401777648593e-04 4.747691545235602911e-02 -4.397607789299473047e-01 -6.957370201251880659e-04 9.999995513010786485e-01 6.429220730916297352e-04 -1.523138727738722942e+00 -4.747646779517582932e-02 -6.752283408949623714e-04 9.988721284753622198e-01 9.308036483541572181e+01
9.987600186919585177e-01 -7.753259683098935248e-04 4.977774563427034976e-02 -3.924111611196683391e-01 6.603390281652264659e-04 9.999970758775255097e-01 2.326410757148508063e-03 -1.538094330347287597e+00 -4.977940466445741896e-02 -2.290655837438689089e-03 9.987576101039197241e-01 9.423653062849635376e+01
9.986370792512198058e-01 -1.966871668378785722e-03 5.215472548197154501e-02 -3.302475220011785173e-01 1.798301840648661339e-03 9.999930076310868943e-01 3.278840548309461516e-03 -1.559597180163415420e+00 -5.216081075550027535e-02 -3.180581789108184645e-03 9.986336333687275690e-01 9.540581397578488065e+01
9.984999461244381536e-01 -2.960517977863506497e-03 5.467259782683344532e-02 -2.696223663865778275e-01 2.864292703190039237e-03 9.999942082171142665e-01 1.838301904809299184e-03 -1.584950633980888535e+00 -5.467772444573826968e-02 -1.678945992497945204e-03 9.985026427431706875e-01 9.652317630952909155e+01
9.983837117391881621e-01 -4.468955059494827617e-03 5.665679664928550269e-02 -2.066582101379238479e-01 4.578528997588431244e-03 9.999878906477557283e-01 -1.804334255773363746e-03 -1.610203773192552479e+00 -5.664804806575161888e-02 2.060822792525478751e-03 9.983920831195132184e-01 9.770205812252078204e+01
9.982522195245435714e-01 -3.741788401077043337e-03 5.897885437321766927e-02 -1.529668531276260901e-01 4.014443262715037576e-03 9.999817939176728343e-01 -4.505116194041361086e-03 -1.632624987182900389e+00 -5.896092443268215882e-02 4.734009605370372714e-03 9.982490663759057137e-01 9.887603840753223494e+01
9.981647313986865555e-01 -3.856390339969528562e-03 6.043423925108466765e-02 -9.444020660869259509e-02 4.190545371395817259e-03 9.999766206630477106e-01 -5.403466482432361419e-03 -1.654288469381449911e+00 -6.041198951351361979e-02 5.646802202319126107e-03 9.981575552617724112e-01 1.000319937565732005e+02
9.981136566495681928e-01 -3.436929841374506550e-03 6.129694894567251640e-02 -2.409945559892772218e-02 3.757906724006774765e-03 9.999798218767288471e-01 -5.121910816298101514e-03 -1.682729099159060437e+00 -6.127810950572908089e-02 5.342597458901770027e-03 9.981064321637599379e-01 1.012217395856007442e+02
9.981737296453248032e-01 -3.558777959644831429e-03 6.030373598256116852e-02 2.966764989693490562e-02 3.783174275658817212e-03 9.999863372646478066e-01 -3.607335605425346717e-03 -1.706097377981054874e+00 -6.029007540919212316e-02 3.828887271707509359e-03 9.981735552535940803e-01 1.023978819480520599e+02
9.982525680277769542e-01 -4.155350348793758995e-03 5.894525866840236855e-02 1.082706382499152992e-01 4.296387117640944331e-03 9.999882027638867799e-01 -2.266138434155386995e-03 -1.735911141370107602e+00 -5.893514770046327789e-02 2.515430242138234733e-03 9.982586443169667589e-01 1.035879700175408118e+02
9.983413720146051551e-01 -3.799290692761500381e-03 5.744623873302821121e-02 1.666601481871977097e-01 3.885434862463761976e-03 9.999914884682434835e-01 -1.387940991508138447e-03 -1.759187801024135078e+00 -5.744047758190399394e-02 1.608842603201358738e-03 9.983476364158411220e-01 1.047867663390239414e+02
9.985014885127820872e-01 -3.806874770387726724e-03 5.459198818641675111e-02 2.333611733317655368e-01 3.863911983972199114e-03 9.999920939338720061e-01 -9.392800890712189529e-04 -1.783383342411085648e+00 -5.458798180271238337e-02 1.148811268344711485e-03 9.985083036461519512e-01 1.059693893518886654e+02
9.986443964378095561e-01 -3.185442544175136510e-03 5.195404172076123483e-02 2.766698002574234372e-01 3.233928193467702425e-03 9.999944102631838083e-01 -8.492026235096218276e-04 -1.802456251675861987e+00 -5.195104712530025648e-02 1.016067141477142340e-03 9.986491156977599370e-01 1.071670125169782182e+02
9.988444812601084966e-01 -2.339731579281293349e-03 4.800237435897292126e-02 3.309808448183175211e-01 2.400644642054597377e-03 9.999963847636603731e-01 -1.211346669561143806e-03 -1.822106305801158399e+00 -4.799936742506546311e-02 1.325183636948727879e-03 9.988464869976478866e-01 1.083786185437049596e+02
9.990256759767967010e-01 -2.189516706233855109e-03 4.407839366315422641e-02 3.798945302339065133e-01 2.230345319545167133e-03 9.999971281086770247e-01 -8.771147255019901001e-04 -1.849836072135772058e+00 -4.407634738129687091e-02 9.745702219309372930e-04 9.990276901998719206e-01 1.095810643251494980e+02
9.991996766035599054e-01 -1.793009169271368546e-03 3.995987268730899489e-02 4.282359035075090636e-01 1.795579586353650801e-03 9.999983875397591149e-01 -2.843484353765458189e-05 -1.865824995683391219e+00 -3.995975796147018672e-02 1.001632573733477957e-04 9.992012848683425874e-01 1.108158508024243361e+02
9.993651261902496419e-01 -1.494994880652235521e-03 3.559648263279621000e-02 4.631744321083095528e-01 1.466041704678093180e-03 9.999985730123316374e-01 8.394594355016727835e-04 -1.893985436005215961e+00 -3.559768744010115976e-02 -7.867405297903549977e-04 9.993658917835640532e-01 1.120218450041361109e+02
9.995067362053321469e-01 -1.326691966919446054e-03 3.137712858168389962e-02 4.866303937045200478e-01 1.287913429161140558e-03 9.999983817885416126e-01 1.256063951707866999e-03 -1.914074947136107596e+00 -3.137874475887000858e-02 -1.215033336718860171e-03 9.995068274126758245e-01 1.132505812909942193e+02
9.996509156870321267e-01 -9.395309144936553336e-04 2.640386476387964615e-02 5.084413939745341393e-01 8.964397831323685922e-04 9.999982471716367671e-01 1.643790542715212188e-03 -1.940877608765908091e+00 -2.640536333008281986e-02 -1.619547236177435075e-03 9.996500056667063649e-01 1.144591109762691588e+02
9.997694477604917029e-01 6.058699347232139598e-05 2.147202077001765519e-02 5.249801901404445026e-01 -9.416057427399579516e-05 9.999987747238172631e-01 1.562589028914393961e-03 -1.961584365834254662e+00 -2.147190015863824353e-02 -1.564250582849171373e-03 9.997682284418814014e-01 1.156798174233902614e+02
9.998590758316420191e-01 3.145419699177778167e-04 1.678480141523988958e-02 5.264978133559571338e-01 -3.393966936724047284e-04 9.999988502226474507e-01 1.477959256803398902e-03 -1.983143270041441308e+00 -1.678431752552215009e-02 -1.483447681039083352e-03 9.998580329475668105e-01 1.169098487092050220e+02
9.999290238645746065e-01 1.056007630451114357e-03 1.186726983694666622e-02 5.280953823329262997e-01 -1.067787194287841621e-03 9.999989435055629539e-01 9.863163959326955860e-04 -2.007240823010507658e+00 -1.186621594625250110e-02 -9.989181087055060831e-04 9.999290950200929728e-01 1.181412019340739050e+02
9.999598520720466288e-01 2.486609762348445524e-03 8.608775876388693321e-03 5.326053583090264443e-01 -2.493987096638804191e-03 9.999965318786920854e-01 8.463234769398204904e-04 -2.027195279741061285e+00 -8.606641692370615646e-03 -8.677596765139699089e-04 9.999625856507309285e-01 1.193654185679449427e+02
9.999665259173284859e-01 5.333623495967632425e-03 6.204796787214939338e-03 5.313699931357105388e-01 -5.338985939928962005e-03 9.999853879675664192e-01 8.479919862687179330e-04 -2.045450495869289398e+00 -6.200183359633090405e-03 -8.810909294276096995e-04 9.999803905063449072e-01 1.205986923890311573e+02
9.999666603620307459e-01 6.363127182420812503e-03 5.117496603790107346e-03 5.333422751578630328e-01 -6.367524351328783180e-03 9.999793714495882613e-01 8.433983887468190013e-04 -2.077005670574081364e+00 -5.112024474400154311e-03 -8.759560621817942191e-04 9.999865498596505198e-01 1.218454778110880170e+02
9.999584737613670393e-01 8.030529489486425143e-03 4.308287280719133756e-03 5.227720969198641487e-01 -8.034526199551151812e-03 9.999673075613054740e-01 9.111599882123148572e-04 -2.100720741939436031e+00 -4.300829409562786400e-03 -9.457372085510968446e-04 9.999903041739967025e-01 1.230897508064955588e+02
9.999511657509904117e-01 9.401641015456556685e-03 3.045528763103957232e-03 5.206919010338212361e-01 -9.406863721241732687e-03 9.999543007558981955e-01 1.705090153017850378e-03 -2.114333371095166392e+00 -3.029358991032679322e-03 -1.733655779990552794e-03 9.999939086904616747e-01 1.243323118765611071e+02
9.999495941720457637e-01 9.702193248444405255e-03 2.583901337271587387e-03 5.106412082799342000e-01 -9.707558804004132180e-03 9.999507336068075292e-01 2.072119566797786527e-03 -2.145711603094462738e+00 -2.563669976740602652e-03 -2.097098517789537306e-03 9.999945148704779685e-01 1.255766276156908816e+02
9.999137492454006626e-01 1.303689620347600088e-02 1.591660789590513148e-03 5.012529119453311699e-01 -1.304290708640631555e-02 9.999076166512032016e-01 3.826324888379150496e-03 -2.165555508675391927e+00 -1.541630370677827188e-03 -3.846754791852623374e-03 9.999914128892217757e-01 1.268332639083789530e+02
9.998951766581054557e-01 1.444703496799382321e-02 9.585663199303309226e-04 4.997823023505454931e-01 -1.445318929931900358e-02 9.998727079590216116e-01 6.758196818023590006e-03 -2.157734056333977080e+00 -8.608084064196208467e-04 -6.771342813317848472e-03 9.999767036916566987e-01 1.280639689323830055e+02
9.999151824823654389e-01 1.300497576167891980e-02 7.059902543122707676e-04 4.804041701800534914e-01 -1.300969238702940657e-02 9.998898263909338224e-01 7.147237735348432180e-03 -2.193805318242308733e+00 -6.129628246267337498e-04 -7.155816314762928135e-03 9.999742089526902911e-01 1.293238628587411654e+02
9.999066548813272393e-01 1.366314341017246109e-02 -3.063572023292104006e-06 4.730986473102327672e-01 -1.366289551017031180e-02 9.998898067134535106e-01 5.805147884814859487e-03 -2.212419995576451637e+00 8.237980791890631464e-05 -5.804564208359940317e-03 9.999831499828214509e-01 1.305760461289747241e+02
9.999358727389171531e-01 1.131085170181811254e-02 -5.612672079043498283e-04 4.762597537162168715e-01 -1.130707260851168509e-02 9.999160194960650117e-01 6.332778563133048717e-03 -2.223745425890597982e+00 6.328492072414301783e-04 -6.326026236991108380e-03 9.999797902440487052e-01 1.318429275871427819e+02
9.999665679584812672e-01 7.992326554396420382e-03 -1.727907347192855509e-03 4.624582519533532721e-01 -7.978149113467197795e-03 9.999356758134460010e-01 8.061847500785628701e-03 -2.248247659288083344e+00 1.792229156454941451e-03 -8.047792555533398590e-03 9.999660098995972746e-01 1.330985820410973872e+02
9.999827690345927111e-01 5.500619969600327105e-03 -2.050561016827845764e-03 4.649567636808902282e-01 -5.480176526013163379e-03 9.999365153376864601e-01 9.845454124339986235e-03 -2.257848527131927963e+00 2.104586984159836829e-03 -9.834047137503876615e-03 9.999494298396052194e-01 1.343650580696239842e+02
9.999937800221875284e-01 2.910322891586219693e-03 -1.992468138707768639e-03 4.584542296047185439e-01 -2.888070964686503816e-03 9.999344301082131459e-01 1.108126942965731963e-02 -2.266537430313796619e+00 2.024587609835459909e-03 -1.107544622073622018e-02 9.999366157624366425e-01 1.356225014835501952e+02
9.999975226077939539e-01 -2.561571727963188327e-04 -2.211144287682407367e-03 4.507233278000631338e-01 2.772514588698518981e-04 9.999544074594359788e-01 9.544953154548079313e-03 -2.291320787578238427e+00 2.208598514853020878e-03 -9.545542640528916975e-03 9.999520012052421913e-01 1.369035675982879638e+02
9.999961163064241543e-01 -2.140446731306750242e-03 -1.784898097902067569e-03 4.582641360110967788e-01 2.155361950455818819e-03 9.999624242141660346e-01 8.396699842844648765e-03 -2.299545957305382249e+00 1.766858378790113048e-03 -8.400514411419852598e-03 9.999631541082260044e-01 1.381657070686966904e+02
9.999899937256594429e-01 -4.099630828521090217e-03 -1.790385574049240675e-03 4.467863606771865781e-01 4.114370440296790353e-03 9.999570233026733312e-01 8.308037898723778444e-03 -2.324325004316778465e+00 1.756248779413681349e-03 -8.315321150870929115e-03 9.999638848625056475e-01 1.394420776209598785e+02
9.999892278689638259e-01 -4.295841025719305054e-03 -1.757811477664375684e-03 4.229529855774249447e-01 4.310438430990654393e-03 9.999555422379666769e-01 8.386516435396972058e-03 -2.326462430390387137e+00 1.721706225946885264e-03 -8.394003108615257988e-03 9.999632875482948879e-01 1.407087410418772038e+02
9.999910944998186002e-01 -4.155589683873994224e-03 -7.362078099439527340e-04 4.193536877069100055e-01 4.162835125375713430e-03 9.999400284468976663e-01 1.012967436590500939e-02 -2.344285346433594874e+00 6.940689099230892920e-04 -1.013264895867057799e-02 9.999484225186316966e-01 1.420067727460015305e+02
9.999968602899260706e-01 -2.501537273570685928e-03 -1.473971823133865403e-04 4.019238380063169802e-01 2.503088090895999596e-03 9.999286726513519907e-01 1.167836253351515335e-02 -2.341135706359750657e+00 1.181728227606955987e-04 -1.167869492066328160e-02 9.999317947360277792e-01 1.432832542741633688e+02
9.999968935341924103e-01 -2.364737734786419646e-03 7.879992621729345684e-04 3.911173367837890158e-01 2.356186665087012938e-03 9.999401760771529091e-01 1.068141580579363807e-02 -2.369836776265509481e+00 -8.132108719725522974e-04 -1.067952604672712039e-02 9.999426415618266617e-01 1.445447245291495619e+02
9.999983915226116071e-01 -1.191979782768667721e-03 1.340201638594335463e-03 3.944883494136924296e-01 1.180558209138536305e-03 9.999632537019678136e-01 8.491026055804559367e-03 -2.374739567310434563e+00 -1.350273537964719354e-03 -8.489430288072568470e-03 9.999630524851003122e-01 1.458277336321444864e+02
9.999975197322401588e-01 -1.734475453763009017e-03 1.397186237470969669e-03 3.766242091819307358e-01 1.725271214476689456e-03 9.999769802454144818e-01 6.562195788719513145e-03 -2.396354351449981213e+00 -1.408536060256873439e-03 -6.559769045288123962e-03 9.999774924747328875e-01 1.471134311664628740e+02
9.999937057635862603e-01 -2.798510789278920580e-03 2.181004050584986996e-03 3.623165646171309651e-01 2.792847204899327751e-03 9.999927316024312951e-01 2.595523279676373828e-03 -2.426989160899519327e+00 -2.188251833281786018e-03 -2.589415751581849133e-03 9.999942532222800828e-01 1.483831873744265692e+02
9.999949735765056857e-01 -2.247460225045197491e-03 2.236459575632815389e-03 3.610722022521086205e-01 2.249473461507917917e-03 9.999970666604146574e-01 -8.980733653352725512e-04 -2.443491479019998192e+00 -2.234434670456105117e-03 9.030997196469003202e-04 9.999970958504678098e-01 1.496300656891317828e+02
9.999935948138889419e-01 -2.495549141375843008e-03 2.565652692047368927e-03 3.569655569348273438e-01 2.500550122377188066e-03 9.999949765686921843e-01 -1.947840408849995687e-03 -2.473845225119208457e+00 -2.560778918091323984e-03 1.954243497805247150e-03 9.999948116564578715e-01 1.509075042995463605e+02
9.999919762134027446e-01 -3.065198762963276639e-03 2.579161580968670694e-03 3.453782473082219195e-01 3.069787389072693370e-03 9.999937092582106279e-01 -1.777032392614194198e-03 -2.501989162497324060e+00 -2.573698444527225057e-03 1.784935632719348783e-03 9.999950950266038863e-01 1.521814899383296620e+02
9.999946966258643766e-01 -2.327611847798361291e-03 2.277926821668762539e-03 3.488196847979157522e-01 2.330687254612410705e-03 9.999963749019940007e-01 -1.348360406517142701e-03 -2.529946266485382012e+00 -2.274780144697066946e-03 1.353662406847804846e-03 9.999964964788699007e-01 1.534639475580687815e+02
9.999944280249816186e-01 -2.185113654443911202e-03 2.523728342468334763e-03 3.478726169522330380e-01 2.186116912725479498e-03 9.999975324947721900e-01 -3.948332365981254560e-04 -2.558729057416170072e+00 -2.522859403480813556e-03 4.003482093578756770e-04 9.999967374437918055e-01 1.547312124289073836e+02
9.999975244559361487e-01 -1.571976468532623392e-03 1.574794284756373449e-03 3.405115160947056463e-01 1.571950500733940333e-03 9.999987643263320569e-01 1.773527279457908640e-05 -2.582402998651496251e+00 -1.574820245343537799e-03 -1.525972780506285043e-05 9.999987598523158994e-01 1.560004035243818237e+02
9.999986235907932786e-01 -1.090525951037163259e-03 1.250429288837727991e-03 3.318780666680177793e-01 1.090796803157965261e-03 9.999993817651847694e-01 -2.159389231835770473e-04 -2.610903057211525269e+00 -1.250193050512109823e-03 2.173025941537166245e-04 9.999991948972488665e-01 1.572731682527422379e+02
