9.999999999999998890e-01 0.000000000000000000e+00 4.065758146820641628e-20 0.000000000000000000e+00 1.734723475976807094e-18 1.000000000000000000e+00 -8.673617379884035472e-19 -1.387778780781445676e-17 6.776263578034402713e-21 0.000000000000000000e+00 1.000000000000000000e+00 0.000000000000000000e+00
9.999980128935618273e-01 -1.691309094786185192e-03 -1.055311280274813307e-03 4.325748591363555440e-02 1.693252983897006528e-03 9.999968659293758666e-01 1.844188580428978395e-03 -2.473168724392402207e-02 1.052188735583280610e-03 -1.845971976282969468e-03 9.999977426380226575e-01 1.552679635661419422e+00
9.999956616423971711e-01 -2.069839734457393741e-03 -2.095819888003788191e-03 2.811808891134638666e-02 2.076133742227424459e-03 9.999933279045608581e-01 3.005631881918142609e-03 -5.424650954230645500e-02 2.089584443379200341e-03 -3.009970290920064781e-03 9.999932868307629397e-01 3.056994962001859495e+00
9.999926234954561455e-01 -1.116967742229398562e-03 -3.674961719304747736e-03 1.763607285397823798e-03 1.127692169211906223e-03 9.999951081479913073e-01 2.917532735472474180e-03 -6.973925208463685466e-02 3.671684456120261498e-03 -2.921655676569764187e-03 9.999889912637324185e-01 4.577031757984530103e+00
9.999888424442434642e-01 -8.140411542396294720e-04 -4.653206740662986680e-03 -4.810517996489961992e-03 8.269750628812182203e-04 9.999957984066377703e-01 2.778360578250350932e-03 -8.626209630560431607e-02 4.650924863230389804e-03 -2.782177888689853738e-03 9.999853140766498116e-01 6.083518688173330524e+00
9.999807744661626252e-01 -6.410119490171716297e-04 -6.167642623121652456e-03 -1.518510419467110698e-02 6.597926952808712622e-04 9.999951508332989292e-01 3.043516030526991108e-03 -1.135065361141865681e-01 6.165660955249873017e-03 -3.047527127312062330e-03 9.999763483119289420e-01 7.602936611628661190e+00
9.999703282733070075e-01 -8.980602753008567682e-04 -7.650887479923700919e-03 -2.873056305840170424e-02 9.224289487997916481e-04 9.999945114415677017e-01 3.182171977754648211e-03 -1.313779897529576690e-01 7.647986676461145626e-03 -3.189135212251292990e-03 9.999656682561453014e-01 9.108091155025130448e+00
9.999588168245213682e-01 -1.808136885009066150e-03 -8.893554861224870628e-03 -5.247159625817105627e-02 1.833587007113494059e-03 9.999942452771604096e-01 2.854361357834249782e-03 -1.628496436754346965e-01 8.888341409474804014e-03 -2.870551141297375541e-03 9.999563776952777872e-01 1.061902843740574021e+01
9.999385591998224410e-01 -2.636696663829459289e-03 -1.076687909680767129e-02 -7.183699392939241202e-02 2.666952496909999470e-03 9.999925327584576751e-01 2.796748075788414549e-03 -1.799880731580491278e-01 1.075942307426361322e-02 -2.825291220227297943e-03 9.999381243392690966e-01 1.213067958809359936e+01
9.999281962970013593e-01 -2.954422784696606255e-03 -1.161351236017070868e-02 -9.909299754636591295e-02 2.987104266415213649e-03 9.999916247037683448e-01 2.797809624280860573e-03 -2.083557201372427392e-01 1.160514762004326121e-02 -2.832299727375942391e-03 9.999286467471526496e-01 1.362282574401736568e+01
9.999199614828659932e-01 -2.553754560405219719e-03 -1.239148912832101039e-02 -1.370183765301742629e-01 2.589141166174847852e-03 9.999926137511423452e-01 2.840563199768687645e-03 -2.260891815584351594e-01 1.238414183539643908e-02 -2.872419386065886912e-03 9.999191878310423887e-01 1.511145290894138427e+01
9.999064948950067144e-01 -1.560573012609222689e-03 -1.358551149682429675e-02 -1.600897636201208118e-01 1.604674057028534183e-03 9.999934769256770828e-01 3.235913333926231268e-03 -2.542638378596921434e-01 1.358037117371862362e-02 -3.257411333189146399e-03 9.999024766137822873e-01 1.661210517097188699e+01
9.999022770613223976e-01 -9.736534344405474439e-05 -1.397951700412218383e-02 -1.912350027211630055e-01 1.524700148875460931e-04 9.999922233708918862e-01 3.940806697370749512e-03 -2.725769237636860853e-01 1.397902271521601208e-02 -3.942553357724913610e-03 9.998945160075942695e-01 1.809431415712550617e+01
9.998980799342470638e-01 4.470156189702988864e-04 -1.426989738897218793e-02 -2.207144190707477083e-01 -3.810702240119399203e-04 9.999892381576730438e-01 4.623673973348810425e-03 -2.913010689868769654e-01 1.427180875636385390e-02 -4.617765260173837573e-03 9.998874895014355779e-01 1.956437728367528450e+01
9.998876334952367939e-01 8.354148755174879704e-04 -1.496738188700536161e-02 -2.569433496329558975e-01 -7.606867378316482103e-04 9.999872219957214314e-01 4.997720213922803717e-03 -3.169745984010522433e-01 1.497136379312163056e-02 -4.985773542843656078e-03 9.998754923822830154e-01 2.103721871651958253e+01
9.998860746923202703e-01 1.049009463240607384e-03 -1.505779770642139137e-02 -2.899640874198707863e-01 -9.757184184981757685e-04 9.999876468359025772e-01 4.873823440042404642e-03 -3.365906101579154708e-01 1.506272235954154298e-02 -4.858576401158724162e-03 9.998747464400090657e-01 2.251164846377044881e+01
9.998765299299915421e-01 2.062079464719961813e-03 -1.557795830932346900e-02 -3.168282437803295326e-01 -1.974691508442184829e-03 9.999822411205411266e-01 5.622992191219231689e-03 -3.592387341565311809e-01 1.558927462638172619e-02 -5.591536700228927174e-03 9.998628451783323490e-01 2.398584863187819494e+01
9.998792485174422540e-01 2.493075096470053278e-03 -1.533861213456772996e-02 -3.543067556102819649e-01 -2.397540744365076609e-03 9.999776346099085167e-01 6.243563247572444033e-03 -3.697030566192304746e-01 1.535383269141560661e-02 -6.206034872898356057e-03 9.998628630405813622e-01 2.543209892580313181e+01
9.998831778686533278e-01 2.783680305140638633e-03 -1.502936458378452758e-02 -3.715200722886470297e-01 -2.698475503348989751e-03 9.999801908357641711e-01 5.686489978622916511e-03 -3.947134688334452135e-01 1.504489421584156647e-02 -5.645269745127771618e-03 9.998708826767269686e-01 2.687747155441213565e+01
9.998776914921460035e-01 3.046960163849882913e-03 -1.534008321989395462e-02 -4.045677950155908698e-01 -2.985471580662698438e-03 9.999874244613374819e-01 4.029625049989341012e-03 -4.171998749689621588e-01 1.535216635870678345e-02 -3.983335120112004718e-03 9.998742140723987371e-01 2.832068761938688084e+01
9.998845856811825472e-01 2.132012773629007180e-03 -1.504227035702084860e-02 -4.314862782267038788e-01 -2.073161912456305406e-03 9.999901408922846624e-01 3.926846038944298636e-03 -4.354939338989406994e-01 1.505049212080573733e-02 -3.895208066526387094e-03 9.998791476875339423e-01 2.973797752221993562e+01
9.998976684228555456e-01 8.331583618786421452e-04 -1.428140683463119745e-02 -4.494035267505400166e-01 -7.537177625778958973e-04 9.999842201520753315e-01 5.566988719190313351e-03 -4.533649136995596129e-01 1.428581774035871631e-02 -5.555655331866998781e-03 9.998825181224084702e-01 3.117413587817388176e+01
9.998992233350587622e-01 -8.673805080746258347e-04 -1.417006961618769850e-02 -4.787955788627806797e-01 9.710282973299962095e-04 9.999728150264736160e-01 7.309331274375041425e-03 -4.781142341133745588e-01 1.416334252584549973e-02 -7.322354790379953862e-03 9.998728833153189832e-01 3.259621253185536460e+01
9.999022928144841726e-01 -1.623840589912791885e-03 -1.388409203210335535e-02 -5.043465444952629495e-01 1.719450373841466435e-03 9.999748738488486444e-01 6.877148648344634518e-03 -4.982965117307125991e-01 1.387257391789651489e-02 -6.900350262514824522e-03 9.998799611961061151e-01 3.399113399332329521e+01
9.999035028716486417e-01 -1.207901415379963872e-03 -1.383929062110255716e-02 -5.310204557764389710e-01 1.287497104628671472e-03 9.999826743534722118e-01 5.743984215686464070e-03 -5.215252280925843920e-01 1.383211081934725660e-02 -5.761248444562412120e-03 9.998877340333442998e-01 3.537586605540145968e+01
9.999100771668136822e-01 -8.628588185837652094e-04 -1.338256696961342106e-02 -5.544790788902578260e-01 9.263131955023016367e-04 9.999883555289318382e-01 4.736112266224952461e-03 -5.324554029530230714e-01 1.337832274211191684e-02 -4.748083207423275769e-03 9.998992329898503950e-01 3.674744540645716029e+01
9.999271895189023596e-01 -4.098738542189801076e-04 -1.206017006949615909e-02 -5.849024133532192415e-01 4.572767005197389545e-04 9.999921806611644648e-01 3.928043001710021867e-03 -5.632017508571971476e-01 1.205846414456196794e-02 -3.933272145358428229e-03 9.999195581483429907e-01 3.810392447197903465e+01
9.999403575245959797e-01 2.335374707060893645e-04 -1.091910653285638362e-02 -6.232254356473944101e-01 -1.817904380226487843e-04 9.999887502007248630e-01 4.739876732379874266e-03 -5.834779020422747875e-01 1.092008916617529489e-02 -4.737609423133847669e-03 9.999291508245493620e-01 3.945357336940365656e+01
9.999562341233474427e-01 2.525227144319977524e-04 -9.352331104083001084e-03 -6.447458464975366343e-01 -1.955956385451609880e-04 9.999814527838096767e-01 6.087350768878799223e-03 -6.023756617923240464e-01 9.353693579745690420e-03 -6.085255565017005756e-03 9.999377370844247936e-01 4.077868828891040920e+01
9.999732094240629809e-01 2.216371178270955256e-05 -7.319833446673195375e-03 -6.668801878452566001e-01 3.225982743826523447e-05 9.999723603878366562e-01 7.434879281084472678e-03 -6.361219703241891565e-01 7.319794926068695813e-03 -7.434916834943139548e-03 9.999455698111160418e-01 4.207082228817039748e+01
9.999858351266633916e-01 3.681198309924797740e-04 -5.309806650210763083e-03 -6.780441754410234667e-01 -3.255636895359379640e-04 9.999678403376415226e-01 8.013258310869684695e-03 -6.534143067580022723e-01 5.312585009036918660e-03 -8.011416774514147632e-03 9.999537957420550072e-01 4.335993426106880122e+01
9.999980701138738715e-01 3.290003233831668983e-05 -1.964354803207008903e-03 -6.929392933487346085e-01 -1.790956348336758541e-05 9.999708850616015887e-01 7.630774447205074945e-03 -6.694998097773141588e-01 1.964548393783999321e-03 -7.630725162696088901e-03 9.999689558026904068e-01 4.460355568530331993e+01
9.999984466769203939e-01 -5.010651364066621982e-04 1.689844475069466863e-03 -6.986126643893147969e-01 4.905569612550491482e-04 9.999805784707307410e-01 6.213054414701556054e-03 -6.889695850064802007e-01 -1.692924579747008378e-03 -6.212216309185395607e-03 9.999792709691890380e-01 4.588296885871951503e+01
9.999833508768621870e-01 -5.343169706616326259e-04 5.745647823723847372e-03 -6.966422089784661820e-01 5.068110624591934399e-04 9.999884108010147488e-01 4.787631423495907271e-03 -7.120311634541065526e-01 -5.748138583264651713e-03 -4.784640152901904406e-03 9.999720326681832416e-01 4.710891858586396097e+01
9.999576929007805148e-01 -4.405346080284316609e-04 9.187945029520189558e-03 -6.945398101217464815e-01 3.945317718305465723e-04 9.999873817072437721e-01 5.008071434542928774e-03 -7.233721884809056757e-01 -9.190034095139514025e-03 -5.004235039473679640e-03 9.999452489513716014e-01 4.833240554074291850e+01
9.998931598002988030e-01 -2.080546148129532036e-04 1.461594003282500574e-02 -6.826264310977731009e-01 1.370538977220267518e-04 9.999881875881414528e-01 4.858591188054343576e-03 -7.491323460539138779e-01 -1.461677628087160695e-02 -4.856069334375079025e-03 9.998813771786447813e-01 4.953942274395829060e+01
9.997810566109963659e-01 9.954438174766908759e-04 2.090090813802402206e-02 -6.874103893234834173e-01 -1.081696533775359029e-03 9.999909447892484371e-01 4.115856739445829422e-03 -7.693666357803696787e-01 -2.089661897339645941e-02 -4.137564396378513171e-03 9.997730801757833685e-01 5.075547903042896536e+01
9.995824155168255842e-01 2.207719386692636593e-03 2.881181416644605989e-02 -6.550854589913760462e-01 -2.331006410066631743e-03 9.999882681288868591e-01 4.246176553375597892e-03 -7.882216101588003232e-01 -2.880209792458241977e-02 -4.311564316627379198e-03 9.995758347898200391e-01 5.194782698157280265e+01
9.993155915850480131e-01 3.197636232778681975e-03 3.685272947249835368e-02 -6.231235850728973347e-01 -3.386546639996580732e-03 9.999814392387236239e-01 5.064827672024516808e-03 -8.147015251370629541e-01 -3.683584504512833757e-02 -5.186165203911807103e-03 9.993078725191865130e-01 5.311938767570260467e+01
9.988524153946567452e-01 4.914098988979867175e-03 4.764141197421729174e-02 -5.713550613083865359e-01 -5.181501041790289794e-03 9.999715002998138536e-01 5.490958797029812585e-03 -8.315712112207021001e-01 -4.761306471115320238e-02 -5.731511991737149765e-03 9.988494108734167209e-01 5.428358737882089713e+01
9.981705203535402582e-01 7.366316956997269114e-03 6.001124965751470502e-02 -5.170715441266512391e-01 -7.708950884460356520e-03 9.999552698199815071e-01 5.480001587790537566e-03 -8.507279140266574835e-01 -5.996818987448233190e-02 -5.932600347429274265e-03 9.981826586655256905e-01 5.544876718766912660e+01
9.971510222731023720e-01 9.448671170078385903e-03 7.483690308361401478e-02 -4.519774051622780786e-01 -9.934092771320813045e-03 9.999319467522106430e-01 6.116832128241845093e-03 -8.704200245102894362e-01 -7.477400422757415899e-02 -6.842842769590443477e-03 9.971770269887613170e-01 5.658135643364246903e+01
9.957472696144997748e-01 1.144302480019745993e-02 9.141352889855802744e-02 -3.537928262047166927e-01 -1.214675336892698590e-02 9.999006929541865984e-01 7.145667844529478979e-03 -8.775892761928960617e-01 -9.132267059123508335e-02 -8.225657585445928649e-03 9.957873806238770609e-01 5.772183786283087414e+01
9.939663987171093451e-01 1.191691153953673872e-02 1.090357139540233389e-01 -2.371471948612288716e-01 -1.287467411162272410e-02 9.998844378831192037e-01 8.084157208827519314e-03 -8.984804819321422498e-01 -1.089267607650363512e-01 -9.439180777144298706e-03 9.940049603631914144e-01 5.881853918652503665e+01
9.916960797282772244e-01 1.143366037534889953e-02 1.280943359874347487e-01 -1.040999735566688345e-01 -1.250689377826283075e-02 9.998930757299727690e-01 7.577246840071224544e-03 -9.195735595737652979e-01 -1.279939867667003461e-01 -9.116389099357861264e-03 9.917330431103320576e-01 5.990902431022121988e+01
9.888364235075594033e-01 1.057491354880116079e-02 1.486294100205249047e-01 5.931686301791964933e-02 -1.169883606829364570e-02 9.999091885036323069e-01 6.689689078843457336e-03 -9.325020173752869290e-01 -1.485451499627648830e-01 -8.353800144404096087e-03 9.888703401920471148e-01 6.100666911252719871e+01
9.855994667011088728e-01 7.882599071426892728e-03 1.689128753580837472e-01 2.309404339807439310e-01 -9.061123995817000829e-03 9.999396799978951256e-01 6.207444965122472721e-03 -9.377772108742492563e-01 -1.688537330980354467e-01 -7.648595739602494920e-03 9.856114407997442761e-01 6.205532869055243594e+01
9.815394432278573555e-01 2.642256847616399756e-03 1.912415866899723205e-01 4.363345651095758004e-01 -4.301305670790553370e-03 9.999566301361330067e-01 8.260545712936726362e-03 -9.683956214290154740e-01 -1.912114404587944572e-01 -8.930640878494475188e-03 9.815082394351120065e-01 6.313407908035986793e+01
9.767798102365824464e-01 -3.148753167515208097e-03 2.142225326240027317e-01 6.593145227699592770e-01 1.078830848068685830e-03 9.999516052966818114e-01 9.778711661744357922e-03 -9.716820540737112211e-01 -2.142429274298305319e-01 -9.320539223816686619e-03 9.767359365588710318e-01 6.414053668709658496e+01
9.712733637218682325e-01 -8.406636722196559816e-03 2.378179736613208473e-01 9.009446177206835715e-01 6.396657193468021155e-03 9.999370149933289875e-01 9.222192620440255312e-03 -9.864419875366567947e-01 -2.378804904454801250e-01 -7.436030850795004483e-03 9.712659627949020713e-01 6.516564233124613281e+01
9.646163780027950940e-01 -1.417355528453364058e-02 2.632762095610771125e-01 1.194768283300416956e+00 1.253280335662340650e-02 9.998901703165578025e-01 7.910508398809270453e-03 -1.019524981364603455e+00 -2.633593787623195737e-01 -4.331017631894177114e-03 9.646880692762487275e-01 6.616906664179086306e+01
9.570416946431277161e-01 -1.804521752635885115e-02 2.893882783668497161e-01 1.493541954701570917e+00 1.624332667915336093e-02 9.998308482551385712e-01 8.627235856265472180e-03 -1.025164013719887190e+00 -2.894949693980146677e-01 -3.555996686589193122e-03 9.571729241788032860e-01 6.712000920666247339e+01
9.482615454146462453e-01 -2.078349641102529566e-02 3.168092498472728225e-01 1.814939925122518227e+00 1.831837331287893000e-02 9.997743272156186523e-01 1.075787206633797496e-02 -1.022309670046171792e+00 -3.169612983542090534e-01 -4.397846992689882079e-03 9.484282689227180319e-01 6.810218909247240049e+01
9.385758766697706035e-01 -2.567763699433163807e-02 3.441162567161029640e-01 2.157572490377380525e+00 2.245930264953886063e-02 9.996588080607495819e-01 1.333593391901689851e-02 -1.028520110256957665e+00 -3.443412361648200415e-01 -4.788175491972470124e-03 9.388323444924365768e-01 6.903033634364420834e+01
9.274623263580695776e-01 -2.910129473257026117e-02 3.727824647508704570e-01 2.532635406421536395e+00 2.587376184652957767e-02 9.995718963511922572e-01 1.365915024845263184e-02 -1.056786636216977326e+00 -3.730203242039640821e-01 -3.023063225497921863e-03 9.278182368936379598e-01 6.991508767742648445e+01
9.150303867254750978e-01 -2.873558057002848637e-02 4.023601359549013878e-01 2.929767366008723783e+00 2.703363579866343777e-02 9.995854092415008552e-01 9.909191112099867069e-03 -1.049416933213110248e+00 -4.024780135982166107e-01 1.810046083692431508e-03 9.154278514303605396e-01 7.084371100968799340e+01
9.020694340505812647e-01 -2.963680535731690741e-02 4.305722009990807231e-01 3.326881165880415381e+00 3.040036193523935198e-02 9.995247488052653173e-01 5.108266075284468091e-03 -1.072026250965932848e+00 -4.305189060500834164e-01 8.481540253594207351e-03 9.025416947669147039e-01 7.168267833025336699e+01
8.877844685534787006e-01 -3.144982011558593304e-02 4.591837039394725539e-01 3.769939831233367400e+00 3.395167579693886273e-02 9.994195284124683942e-01 2.808870718327523101e-03 -1.086417969670079753e+00 -4.590054378224183163e-01 1.309638497791784303e-02 8.883369097251176960e-01 7.253472043950118575e+01
8.717276970342990872e-01 -3.252742386844850730e-02 4.889098285297642787e-01 4.255273019578669214e+00 3.404705660003596451e-02 9.994034889291588675e-01 5.784813897745768978e-03 -1.107337365271214624e+00 -4.888062880027508883e-01 1.160315847041516052e-02 8.723151656313843372e-01 7.340066827463925847e+01
8.542019395171746021e-01 -3.175977645964415258e-02 5.189705181048347438e-01 4.751963167068765870e+00 3.028730499101880969e-02 9.994771982540489041e-01 1.131411480619101337e-02 -1.099805450951526264e+00 -5.190584636198444235e-01 6.053679416819338771e-03 8.547172801021574173e-01 7.419455944047643925e+01
8.340827052027718347e-01 -3.209285490544683955e-02 5.507051203783530635e-01 5.288345792541370827e+00 2.900638740975687233e-02 9.994767445106351733e-01 1.431316012382028227e-02 -1.092723049460613272e+00 -5.508762372587644451e-01 4.035606405470487656e-03 8.345771654906489756e-01 7.501499936455529394e+01
8.131182863392935056e-01 -2.703539242821452471e-02 5.814703643673995170e-01 5.809245956469295535e+00 2.544079133374282237e-02 9.996168928166155876e-01 1.090108475911897440e-02 -1.116261180913937112e+00 -5.815422360690725156e-01 5.929194610038760437e-03 8.134945775734799822e-01 7.577633583151374808e+01
7.909813846050338659e-01 -1.978362378815255035e-02 6.115203241364247644e-01 6.368995939919793514e+00 2.171888423990983585e-02 9.997550797286688384e-01 4.250949036898272158e-03 -1.134033677820543540e+00 -6.114545676432676657e-01 9.919117620632805429e-03 7.912173364356950289e-01 7.651530538034731421e+01
7.681081088584466032e-01 -1.694384667356583357e-02 6.400960032102220865e-01 6.967964630923451530e+00 2.045899622008243157e-02 9.997888595229216246e-01 1.914627120885384511e-03 -1.127553074468786498e+00 -6.399932084090703688e-01 1.162508123236967450e-02 7.682925852611264261e-01 7.723981989750924981e+01
7.449140526172174370e-01 -1.993378219575761903e-02 6.668626225823318654e-01 7.572167297015120369e+00 2.215525395400923248e-02 9.997413507394342647e-01 5.135784771801332922e-03 -1.149781961430003108e+00 -6.667924253093063802e-01 1.094879254280329076e-02 7.451630202137503600e-01 7.791757632397460043e+01
7.202088146904841448e-01 -2.066481468932358095e-02 6.934495600837917717e-01 8.206190256943662220e+00 2.308445114417972954e-02 9.997165990356459142e-01 5.816327239144276906e-03 -1.140446987729154316e+00 -6.933731362077725224e-01 1.181893240131763612e-02 7.204817438237414162e-01 7.856875013183342560e+01
6.946416385216387379e-01 -1.916369786766882605e-02 7.191006989761400403e-01 8.887044983119821495e+00 2.375109352547997987e-02 9.997110612136265173e-01 3.698590275757443653e-03 -1.184732759614821829e+00 -7.189637052010620089e-01 1.451023337697434495e-02 6.948960895359770351e-01 7.921597300123417540e+01
6.684868487129228543e-01 -1.664679172743637262e-02 7.435376861713258734e-01 9.533889073042971063e+00 2.313727395151076241e-02 9.997310476862621975e-01 1.580751311543842838e-03 -1.194315746911800868e+00 -7.433639247970339481e-01 1.614672399434726596e-02 6.686922201971264856e-01 7.979830895075058095e+01
6.407840991567941291e-01 -1.448845127974831073e-02 7.675844587088792581e-01 1.026361075246101073e+01 2.192625234755979716e-02 9.997594302011688638e-01 5.666728776584665714e-04 -1.190598614528463051e+00 -7.674079084269914697e-01 1.646713586831475076e-02 6.409476245213935330e-01 8.037695622833301456e+01
6.129667126309298331e-01 -1.330018037298835547e-02 7.899968337277395447e-01 1.093703693010294842e+01 2.256793336323367760e-02 9.997450809748511524e-01 -6.792489761873882204e-04 -1.204682789966592837e+00 -7.897863085151213269e-01 1.824495330974220189e-02 6.131106146043684424e-01 8.093408715789389873e+01
5.843626488925417473e-01 -7.333129432517482629e-03 8.114595537029127836e-01 1.164903586170222383e+01 2.133251510078105345e-02 9.997524117827495393e-01 -6.327626585697614797e-03 -1.230827772905732642e+00 -8.112121358422108575e-01 2.100810239622387388e-02 5.843744029885040714e-01 8.147042965875233733e+01
5.539845926915665242e-01 1.697461128665062047e-03 8.325252439807253602e-01 1.246060689098665186e+01 1.978739321026976722e-02 9.996885795386709628e-01 -1.520535800548217763e-02 -1.247490291406677221e+00 -8.322916775270182699e-01 2.489703927832227770e-02 5.537784835773048586e-01 8.197028666474710690e+01
5.233409608751689035e-01 9.788540382013006386e-03 8.520672038075873811e-01 1.321228440356585665e+01 1.881881358928089165e-02 9.995573738956377019e-01 -2.304144992526296898e-02 -1.283506815711665139e+00 -8.519154845869183479e-01 2.809342949476936399e-02 5.229251091834524745e-01 8.245793722373323931e+01
4.915265558437066362e-01 1.470841385174015414e-02 8.707384271398396214e-01 1.400287327804583626e+01 1.639387762329640869e-02 9.995239071863338820e-01 -2.613808722285354547e-02 -1.310892051563636418e+00 -8.707082079190765489e-01 2.712234415852966818e-02 4.910514170735131856e-01 8.291183744837050540e+01
4.590813788679974361e-01 1.466331549309951576e-02 8.882732574812944870e-01 1.483999239837893214e+01 1.435381683793494553e-02 9.996108335523236077e-01 -2.391964202269384471e-02 -1.341373974862600349e+00 -8.882781935193954093e-01 2.373117450951203744e-02 4.586922467034167394e-01 8.333989449847820197e+01
4.248310082377758090e-01 1.341804405008631927e-02 9.051732871791844381e-01 1.569219923220300572e+01 1.050306980463776643e-02 9.997497901397663922e-01 -1.974949529474678833e-02 -1.369961932213629163e+00 -9.052116821559131887e-01 1.789729631916687352e-02 4.245837821437482007e-01 8.372029138739196696e+01
3.912432601007383437e-01 1.415336164034559224e-02 9.201785189761344519e-01 1.655013406200285075e+01 6.125649775016210434e-03 9.998195305811869993e-01 -1.798284249470609095e-02 -1.401497475999978315e+00 -9.202668492097416664e-01 1.267235688796372432e-02 3.910859556037067364e-01 8.410891366644730738e+01
3.557325683862930243e-01 1.674715755282831647e-02 9.344377930712329805e-01 1.740653558452777361e+01 -5.261908632882127818e-04 9.998428669882771791e-01 -1.771904043899521011e-02 -1.437951965823094147e+00 -9.345875803315181196e-01 5.811546155133946387e-03 3.556854847565408262e-01 8.444715025996342206e+01
3.201241512785559795e-01 1.878721978295020203e-02 9.471893622923744926e-01 1.828270048897559619e+01 -5.586758543764027557e-03 9.998234023370574652e-01 -1.794302620621393909e-02 -1.446106805526510497e+00 -9.473590634525622667e-01 4.522763092428246437e-04 3.201725792760901634e-01 8.478526618878896670e+01
2.840308271234431303e-01 1.830952648577196390e-02 9.586403774881256945e-01 1.920315753077327159e+01 -8.404625654402628210e-03 9.998267865059726756e-01 -1.660599791931935409e-02 -1.482908638727972628e+00 -9.587782474785948583e-01 -3.340400006394093901e-03 2.841355153943337375e-01 8.504983306526938236e+01
2.467845984204431464e-01 1.779040506987073986e-02 9.689071106333633221e-01 2.014160090630331723e+01 -9.092871065647500223e-03 9.998299693263280608e-01 -1.604219578582568792e-02 -1.508437443262772959e+00 -9.690276339737584621e-01 -4.851182577454741900e-03 2.469044048694181148e-01 8.528188200573272582e+01
2.108604398295883531e-01 1.708262798278445405e-02 9.773669661664303732e-01 2.107594087410316774e+01 -8.587903297523383564e-03 9.998410776901346386e-01 -1.562265016179307728e-02 -1.547379236474333064e+00 -9.774783856472867294e-01 -5.099336161823861055e-03 2.109736349122950938e-01 8.548865650964476970e+01
1.755548163625157698e-01 1.635351419635392226e-02 9.843338857925021390e-01 2.202641387009928309e+01 -6.088603915813527168e-03 9.998609329294586567e-01 -1.552558000057480993e-02 -1.562291638680575856e+00 -9.844507631976435746e-01 -3.267630752047412726e-03 1.756299741054584973e-01 8.566115028336854209e+01
1.407662078954654283e-01 1.478819721949582548e-02 9.899324800971528449e-01 2.295689403797796047e+01 8.041813891295932978e-04 9.998864001647337352e-01 -1.505124615766548560e-02 -1.604260630624320116e+00 -9.900424720209199947e-01 2.914790641475348103e-03 1.407383260653360668e-01 8.580177204714637185e+01
1.068767177459737650e-01 1.763737194889272025e-02 9.941159000429873327e-01 2.391381384804858001e+01 3.265513299499979774e-03 9.998310327514319251e-01 -1.808983999747135196e-02 -1.646406989549198840e+00 -9.942668509791315890e-01 5.179680085422289776e-03 1.068010656011383064e-01 8.589525781889116729e+01
7.445442908715983743e-02 2.376665705606196416e-02 9.969412306032534588e-01 2.488662572700414088e+01 4.846012408286921869e-03 9.996955312915720704e-01 -2.419423045647820653e-02 -1.638384971737553597e+00 -9.972125755057673624e-01 6.632555947908065457e-03 7.431658813309915956e-02 8.594838780103521003e+01
4.529033701042058796e-02 2.620315017861950257e-02 9.986302188983405825e-01 2.587014373626284680e+01 1.010893136083439170e-02 9.995927272929430174e-01 -2.668686821437430551e-02 -1.712524551413394658e+00 -9.989226501864540975e-01 1.130374070492709895e-02 4.500700726023711129e-02 8.600415963851443735e+01
1.960449346394474782e-02 2.510575857117533158e-02 9.994926206737424490e-01 2.683170732067854658e+01 1.290508103084308730e-02 9.995950456848409216e-01 -2.536145521544305725e-02 -1.741688099306523796e+00 -9.997244563941702911e-01 1.339573099875478700e-02 1.927256430765801609e-02 8.600496973813118018e+01
-2.834601362447998225e-03 2.244122613020117091e-02 9.997442125527919998e-01 2.781985404591961597e+01 1.504109580851250433e-02 9.996360226746257016e-01 -2.239614925061889777e-02 -1.763633169222063479e+00 -9.998827913559953373e-01 1.497376369072096064e-02 -3.171108648519500861e-03 8.602612657500910132e+01
-2.280468235935523280e-02 2.040670946644686928e-02 9.995317137290622433e-01 2.881801299318670218e+01 1.611731903985424985e-02 9.996692245322870152e-01 -2.004179259929066148e-02 -1.798322085566962603e+00 -9.996099462127322477e-01 1.565272420180489205e-02 -2.312603896335573700e-02 8.599260946612680812e+01
-3.919337053813572863e-02 2.238136377969089999e-02 9.989810249648573004e-01 2.977085597235610237e+01 1.720572021280666192e-02 9.996160166652292567e-01 -2.172055027015683953e-02 -1.837814013058743479e+00 -9.990834345226241586e-01 1.633688587555207766e-02 -3.956340680515255115e-02 8.595402103256003556e+01
-5.379570977178168428e-02 2.757975426582162659e-02 9.981710838402234609e-01 3.077592662777387389e+01 2.014657665257157948e-02 9.994450053249422927e-01 -2.652916544534669047e-02 -1.867496917594000383e+00 -9.983486382529587200e-01 1.868257458762441481e-02 -5.432148945179745420e-02 8.590029823774072781e+01
-6.600129292861553476e-02 3.195976259341630488e-02 9.973076439136935312e-01 3.175772256713539932e+01 2.388473723995400769e-02 9.992511409054087856e-01 -3.044136184019335944e-02 -1.914628305019685950e+00 -9.975335660070946409e-01 2.181126164993638095e-02 -6.671521616541088717e-02 8.581355944347110665e+01
-7.518927516873365191e-02 3.601203546722112070e-02 9.965188607211485916e-01 3.276202776110738313e+01 2.959299220967428340e-02 9.989880804671670278e-01 -3.386841597939843629e-02 -1.953176360469647932e+00 -9.967300008224038166e-01 2.694343351598023351e-02 -7.617889192382130970e-02 8.574766287936228082e+01
-8.075320505001773452e-02 4.084299426251536413e-02 9.958970344352250370e-01 3.374031610376537316e+01 3.276196967375780839e-02 9.987289742177670737e-01 -3.830259826433989739e-02 -2.005465250987878090e+00 -9.961954829052251936e-01 2.953449136209410422e-02 -8.198866094403282900e-02 8.564553902832778931e+01
-8.461514239769837853e-02 4.606969796190139160e-02 9.953481773110982589e-01 3.472635235691137012e+01 3.560679142697935340e-02 9.984323559331215181e-01 -4.318549043602094850e-02 -2.043188346882836903e+00 -9.957772346799040886e-01 3.178700920236943867e-02 -8.612288845210655519e-02 8.559014751835590573e+01
-8.774302096173808296e-02 4.967395797126738372e-02 9.949039117466846882e-01 3.573502134409916664e+01 3.682376953917309431e-02 9.982350077237885921e-01 -4.659269102934316537e-02 -2.108925241661527394e+00 -9.954622239781794057e-01 3.254792963485643453e-02 -8.941733593828027349e-02 8.550096994236804449e+01
-8.939479965074266510e-02 5.297212912002149943e-02 9.945866763463102611e-01 3.673801040629057013e+01 3.799006451266438711e-02 9.980393508839506822e-01 -4.974141678401228922e-02 -2.163882199778489390e+00 -9.952714162122309194e-01 3.333778881662523980e-02 -9.123194076537452513e-02 8.538786860217167884e+01
-9.241093648693154972e-02 5.609004487189214738e-02 9.941399595036264358e-01 3.772289933573920706e+01 3.887970264662132802e-02 9.978540004532877594e-01 -5.268550005719421087e-02 -2.227448891085622051e+00 -9.949615343066121609e-01 3.378315045784427428e-02 -9.439338526932189444e-02 8.533993797175688201e+01
-9.396389384988414195e-02 5.985361622381226571e-02 9.937748561326006369e-01 3.872597380462249106e+01 4.013603490033766652e-02 9.976074341138012613e-01 -5.628947912388757718e-02 -2.293392137486765403e+00 -9.947661798638673947e-01 3.459700457860930001e-02 -9.614136421281468947e-02 8.522658038730911301e+01
-9.591173360516334900e-02 6.116106949203001242e-02 9.935091324732817641e-01 3.976290273540715248e+01 4.154593125814751153e-02 9.974867074965297897e-01 -5.739515036728686653e-02 -2.373291506497573700e+00 -9.945223689012515633e-01 3.577139475631382903e-02 -9.821167129125610296e-02 8.510212812562028262e+01
-9.855759175566927710e-02 6.075151217703408935e-02 9.932752831808041583e-01 4.077450009530053876e+01 4.251620071651087546e-02 9.974804574397411194e-01 -5.679004327792296081e-02 -2.428399342652612702e+00 -9.942226315794762126e-01 3.663320247961615594e-02 -1.008921935326884955e-01 8.502601275556155258e+01
-1.003533789060905151e-01 6.013228066858501003e-02 9.931331438500962117e-01 4.179752368242632343e+01 4.280688481228393794e-02 9.975086645909591043e-01 -5.607168621408909620e-02 -2.508247542718003764e+00 -9.940305012247070415e-01 3.688595401240521432e-02 -1.026774389311435193e-01 8.492057184777343082e+01
-1.027678612035566180e-01 6.114774939969493117e-02 9.928241801278013812e-01 4.281706090418719413e+01 4.192895856164133989e-02 9.974879124318035695e-01 -5.709488861216563405e-02 -2.581961972725398624e+00 -9.938212095853491412e-01 3.576056531867737032e-02 -1.050735591275031577e-01 8.481752981068606800e+01
-1.052908431779433635e-01 6.307658705832570878e-02 9.924390740310653491e-01 4.383502093211313166e+01 4.080910858163136479e-02 9.974197260516026731e-01 -5.906357637847408498e-02 -2.643367988915995781e+00 -9.936037049867415538e-01 3.428170105247931726e-02 -1.075932615882682908e-01 8.471301515690944939e+01
-1.076636090778793908e-01 6.541981036233557312e-02 9.920327256762069279e-01 4.486043145458580028e+01 3.910932383877894353e-02 9.973390107621634693e-01 -6.152526076882549461e-02 -2.715530128719488623e+00 -9.934177750130891438e-01 3.217369820824543536e-02 -1.099356402616260830e-01 8.459131759567924291e+01
-1.099226408998672383e-01 6.891368630158285769e-02 9.915483094432846478e-01 4.590445395300753972e+01 3.705075532041201408e-02 9.971842696497470460e-01 -6.519795387903436212e-02 -2.790694369178582601e+00 -9.932492749901558060e-01 2.957088302266807842e-02 -1.121664308524277370e-01 8.447452444526237514e+01
-1.122426266873602363e-01 7.293979244374498849e-02 9.910002585884708504e-01 4.692715852919254615e+01 3.367437805853635419e-02 9.970086909226112404e-01 -6.956799388015430519e-02 -2.870443845992034060e+00 -9.931100124469870449e-01 2.556282316337319879e-02 -1.143630747850613444e-01 8.437215189606699539e+01
-1.146319638583116890e-01 7.528351397634221176e-02 9.905513810188548707e-01 4.797296555398219908e+01 3.103029131866128637e-02 9.969091166397763271e-01 -7.217571241925624381e-02 -2.958255715233011784e+00 -9.929232104111576085e-01 2.246345417388638521e-02 -1.166137175393579806e-01 8.424477135062521427e+01
-1.178527255760804804e-01 7.402799784626788726e-02 9.902680059199974183e-01 4.901813736323649806e+01 2.867241531607629679e-02 9.970553662005255946e-01 -7.112305289442032163e-02 -3.056819183036219467e+00 -9.926169934454467381e-01 2.001132961278646871e-02 -1.196282523006947374e-01 8.414887302713758288e+01
-1.204175045855877119e-01 7.039335828806780881e-02 9.902244859173882086e-01 5.007079123563680412e+01 2.713975764537703006e-02 9.973433713928301358e-01 -6.759905678659107464e-02 -3.110487111275167305e+00 -9.923522188398825605e-01 1.873434242967385310e-02 -1.220080570313167301e-01 8.400915390080854195e+01
-1.228980692083914000e-01 6.834790319262959435e-02 9.900630088140333074e-01 5.112859847663164459e+01 2.682593963518338856e-02 9.974899002824185734e-01 -6.553065856183322435e-02 -3.213442314276016454e+00 -9.920566020773122773e-01 1.850577867361617723e-02 -1.244230778768825457e-01 8.388687998940177692e+01
-1.249567153907456402e-01 6.870626510371949380e-02 9.897804812488735227e-01 5.217775787368297813e+01 2.690252332532595478e-02 9.974672374404005559e-01 -6.584348017323482516e-02 -3.293131135517452179e+00 -9.917973289773526213e-01 1.840000703658971337e-02 -1.264885999522710192e-01 8.376683037521631547e+01
-1.255791005423069207e-01 7.139771927929461359e-02 9.895111863193529755e-01 5.323553988620634669e+01 2.734851509457584401e-02 9.972770701567406082e-01 -6.848725014737405692e-02 -3.376143279626818927e+00 -9.917065173220896979e-01 1.846109391506563918e-02 -1.271897774150758942e-01 8.362329402573125492e+01
-1.268388114941125522e-01 7.383690838718670602e-02 9.891714510201469190e-01 5.429638580874068765e+01 2.722813550983986183e-02 9.971090342747177537e-01 -7.093801339160848984e-02 -3.461011146174233222e+00 -9.915495009581258845e-01 1.793560053232323703e-02 -1.284825645330262833e-01 8.347950876249292662e+01
-1.273370084178703787e-01 7.465781080359305821e-02 9.890458180605258276e-01 5.537174238989620534e+01 2.655275267149269716e-02 9.970623562843001775e-01 -7.184433408520245201e-02 -3.553111902489813900e+00 -9.915039616395409094e-01 1.711344587636721634e-02 -1.289453063890152185e-01 8.336540752971602330e+01
-1.269751570488133474e-01 7.362373996889541583e-02 9.891698474239677408e-01 5.644791309098823007e+01 2.368663567417236132e-02 9.971822372321412775e-01 -7.117955048782301231e-02 -3.635153770939580919e+00 -9.916229732663744967e-01 1.439207043357783322e-02 -1.283612682360459611e-01 8.322442734136008369e+01
-1.269341978019965511e-01 7.309009551349091027e-02 9.892146784230135825e-01 5.752482859633955314e+01 2.060387137913844563e-02 9.972605953164178638e-01 -7.104072710337346053e-02 -3.726084697858603523e+00 -9.916970597124504794e-01 1.136415328595631255e-02 -1.280924109477132589e-01 8.309055409445937812e+01
-1.271013414550494491e-01 7.382590646331148310e-02 9.891385732955690901e-01 5.860920478573631698e+01 1.663550338920097987e-02 9.972446732405855219e-01 -7.229329928551621320e-02 -3.819905765692189537e+00 -9.917501587428464438e-01 7.266241427830243994e-03 -1.279792652024284438e-01 8.295910103168026239e+01
-1.274047959978049371e-01 7.400281312140166712e-02 9.890863128389670855e-01 5.970009966840339644e+01 1.230562055021566792e-02 9.972539117197437575e-01 -7.302880714174500576e-02 -3.907962266086215219e+00 -9.917743987472135148e-01 2.867098878214174341e-03 -1.279655800796999643e-01 8.282824817088432212e+01
-1.278989410957802331e-01 7.326083104724435968e-02 9.890777745520924480e-01 6.078513365799660306e+01 8.877372393362798625e-03 9.973126793881622598e-01 -7.272283832767088840e-02 -4.006024550037579957e+00 -9.917474081099770800e-01 -5.207642661609786228e-04 -1.282055976789896745e-01 8.270518195693202301e+01
-1.280783929300957913e-01 6.838184133329254510e-02 9.894038516104542991e-01 6.188230580691061533e+01 8.724459932215225533e-03 9.976592212159747231e-01 -6.782301682524539965e-02 -4.088626754870127833e+00 -9.917256059195741491e-01 -5.465068595758224013e-05 -1.283751827489769681e-01 8.257074922348573409e+01
-1.282021879854959578e-01 6.038650535570179445e-02 9.899079762310973862e-01 6.298210949627316779e+01 1.194244239642533977e-02 9.981661752351589367e-01 -5.934361189006028686e-02 -4.165737431586350681e+00 -9.916760788909819713e-01 4.213936491447965380e-03 -1.286882483727404547e-01 8.243078971322287885e+01
-1.281528073240242316e-01 5.506728852452191098e-02 9.902245119623506175e-01 6.408200233519914946e+01 1.839652054292336553e-02 9.984174922227585514e-01 -5.314206319493874203e-02 -4.225278883786213413e+00 -9.915837303941873460e-01 1.140637996983246902e-02 -1.289630493859331428e-01 8.226152828798781513e+01
-1.273680298565308400e-01 5.682878171153143976e-02 9.902262402936560237e-01 6.518302078067924299e+01 2.540081286250494425e-02 9.982167200491225412e-01 -5.402016366882207016e-02 -4.314809326562663472e+00 -9.915301568858275738e-01 1.827210914497724714e-02 -1.285843926159339623e-01 8.211112531780182167e+01
-1.266852473443540184e-01 6.213496446447093480e-02 9.899950640310271055e-01 6.629483280817686364e+01 3.032136669844238616e-02 9.978123969616263800e-01 -5.874550749654137288e-02 -4.398719116139454322e+00 -9.914793649534215936e-01 2.257581411847989911e-02 -1.282921257099291501e-01 8.198387158847236833e+01
-1.253928456650405532e-01 6.782439553890623474e-02 9.897861477346578951e-01 6.741484393497958649e+01 3.372310818711475588e-02 9.973753104149777338e-01 -6.407215857298893813e-02 -4.464393481032105093e+00 -9.915337888724119475e-01 2.534447518311484793e-02 -1.273509761448461397e-01 8.183733147808675312e+01
-1.254782492659696491e-01 7.110738168005711901e-02 9.895448862449633953e-01 6.852172579023934418e+01 3.329114635219193596e-02 9.971681862266602581e-01 -6.743372502080603736e-02 -4.600390339685600516e+00 -9.915375821347360841e-01 2.448161793730702085e-02 -1.274901628267661735e-01 8.169948421876878797e+01
-1.246805683856077318e-01 6.995669482929035843e-02 9.897277147719911738e-01 6.964734614179602090e+01 3.214210676139428458e-02 9.972725268555475697e-01 -6.644088723918124828e-02 -4.647046118200887754e+00 -9.916761109684516518e-01 2.352804627395587572e-02 -1.265890593843403689e-01 8.154143300664958360e+01
-1.243333763362686473e-01 6.556133379860396015e-02 9.900722477003252031e-01 7.077410486084936281e+01 3.217523253411827544e-02 9.975563775214070228e-01 -6.201634846868181450e-02 -4.714610946654006263e+00 -9.917186265032478243e-01 2.414510283540508701e-02 -1.261390020134541545e-01 8.140581891324083585e+01
-1.244672661996544111e-01 6.318491288882176204e-02 9.902099267436289542e-01 7.191134881923149180e+01 2.903839628584608396e-02 9.977748562170409841e-01 -6.001755827447792513e-02 -4.807933384757414608e+00 -9.917986385415074047e-01 2.128388665356173437e-02 -1.260250955306997100e-01 8.125751042484493780e+01
